5555555555555555555555555555

5455555555555555555555555555

5455555555555555555555444455

5444444444444444444444445455

5455555555555555555555544455

5455555555555555555555545555

5455555555555555555555545555

5455555555555555555555545555

5454444444444444444444445555

5454555555555555555555545555

5454555555555555555555545555

545455555OOOOOOOOOO555545555

545455555OOOOOOOOOO555545555

545455555O555OO555O555545555

OOOOOOOOOO55333355OOOOOOOOOO

554555555O55555555O555545555

554555555OOOOOOOOOO555545555

5545555555555555555555545555

5544444444444244444444444555

5545555555555555555555545555

5545555555555555555555545555

5554444444444444444444445555

5554555555555455555555545555

5554555555555455555555545555

5554444444444444444444445555

5555555555555555555555555555

5555555555555555555555555555

5555555555555555555555555555

5555555555555555555555555555

5555555555555555555555555555

5555555555555555555555555555