5555555555555555555555555555

5444444445555555555444444445

5455555544444444444455555545

5455555545545555455455555545

5444444445545555455444444445

5545555555545555455555555455

5545555555545555455555555455

5545555555545555455555555455

5544444444444444444444444455

5545455455555555555545545455

5545455455555555555545545455

554545545OOOOOOOOOO545545455

554545545OOOOOOOOOO545545455

554545545O555OO555O545545455

OOOOOOOOOO55333355OOOOOOOOOO

554554555O55555555O555455455

554554555OOOOOOOOOO555455455

5545545555555555555555455455

5545545555555555555555455455

5544444444444444444444444455

5545555555545555455555555455

5545555555545555455555555455

5544444444444444444444444455

5545555555545555455555555455

5545555555545555455555555455

5545555555545555455555555455

5444444445545555455444444445

5455555545545555455455555545

5455555544444244444455555545

5444444445555555555444444445

5555555555555555555555555555