5555555555555555555555555555

5555555555555555555555555555

5555555555555555555555555555

5555555555555555555555555555

5555444444444444444444445455

5555455545555545555554555455

5555455545555545555554555455

5555455545555545555554555455

5555455545555545555554555455

5555455544444444444444455455

5555455555555555555555555455

555545555OOOOOOOOOO555555455

555545555OOOOOOOOOO555555455

555545555O555OO555O555555455

OOOOOOOOOO55333355OOOOOOOOOO

555555455O55555555O555555455

555555455OOOOOOOOOO555554455

5555554555555455555555554555

5555554555555455555544444555

5555554555555455555554555555

5554444444444444444444555555

5554555555555455555554555555

5554555555555455555554555555

5554555555555455555554555555

5554555555555455555554555555

5554555555555455555554555555

5554555555555455555554554555

5444444444424444444444444555

5455555555555555555555554555

5444444444444444444444444555

5555555555555555555555555555