5555555555555555555555555555
5444444444444444444444444445
5455455545555555555455545545
5444455545555555555455544445
5455455544444444444455545545
5455455555554554555555545545
5455455555554554555555545545
5455455555554554555555545545
5455444444444444444444445545
5455455554555555554555545545
5455455554555555554555545545
545545555OOOOOOOOOO555545545
545545555OOOOOOOOOO555545545
545545555O555OO555O555545545
OOOOOOOOOO55333355OOOOOOOOOO
545545555O55555555O555545545
545545555OOOOOOOOOO555545545
5455455554555555554555545545
5455455554555555554555545545
5455444444444444444444445545
5455455555554554555555545545
5455455555554554555555545545
5455444444444444444444445545
5455455555554554555555545545
5455455555554554555555545545
5455455555554554555555545545
5455455544444244444455545545
5444455545555555555455544445
5455455545555555555455545545
5444444444444444444444444445
5555555555555555555555555555