238
239
240
490
491
492
741
742
743
1007
1232
1511
1512
1513
1541
1542
1543
1571
1572
1573
1758
1759
1760
1788
1789
1790
1818
1819
1820
2151
2152
2153
2181
2182
2183
2211
2212
2213
2460
2461
2462
2490
2491
2492
2520
2521
2522
2820
2821
2822
2850
2851
2852
2880
2881
2882
3107
3108
3109
3130
3131
3132
3153
3154
3155
3438
3439
3440
3461
3462
3463
3484
3485
3486
3737
3738
3739
3760
3761
3762
3783
3784
3785
4013
4014
4015
4036
4037
4038
4059
4060
4061
4289
4290
4291
4312
4313
4314
4335
4336
4337
4513
4514
4515
4535
4536
4537
4557
4558
4559
4711
4712
4713
4733
4734
4735
4755
4756
4757
4855
4856
4857
4877
4878
4879
4899
4900
4901
5053
5054
5055
5075
5076
5077
5097
5098
5099
5239
5240
5241
5261
5262
5263
5283
5284
5285
5430
5431
5432
5433
5434
5435
5457
5458
5459
5468
5469
5470
5479
5480
5481
5589
5590
5591
5600
5601
5602
5607
5608
5618
5619
5722
5723
5724
5727
5728
5729
5732
5733
5734
5939
5940
5941
5972
5973
5974
6005
6006
6007
6236
6237
6238
6269
6270
6271
6302
6303
6304
6548
6549
6550
6581
6582
6583
6614
6615
6616
6860
6861
6862
6893
6894
6895
6926
6927
6928
7157
7158
7159
7190
7191
7192
7223
7224
7225
7242
7243
7244
7266
7267
7268
7290
7291
7292
7500
7501
7502
7524
7525
7526
7548
7549
7550
7764
7765
7766
7788
7789
7790
7812
7813
7814
8128
8129
8130
8152
8153
8154
8176
8177
8178
8357
8358
8359
8381
8382
8383
8405
8406
8407
8744
8745
8766
8767
8824
8825
8826
8839
8840
8841
8854
8855
8856
9053
9054
9055
9082
9083
9084
9111
9112
9113
9141
9142
9143
9158
9159
9160
9175
9176
9177
9425
9426
9427
9446
9447
9448
9467
9468
9469
9813
9814
9815
9830
9831
9832
9847
9848
9849
9982
9983
9999
10000
10142
10143
10144
10159
10160
10161
10295
10296
10297
10312
10313
10314
10441
10442
10458
10459
10518
10519
10520
10536
10537
10538
10554
10555
10556
10608
10609
10610
10626
10627
10628
10770
10771
10772
10788
10789
10790
10806
10807
10808
10959
10960
10977
10978
10982
10983
10984
11000
11001
11002
11018
11019
11020
11234
11235
11236
11258
11259
11260
11282
11283
11284
11538
11539
11540
11562
11563
11564
11586
11587
11588
11652
11653
11654
11676
11677
11678
12026
12027
12028
12050
12051
12052
12074
12075
12076
12267
12268
12269
12291
12292
12293
12315
12316
12317
12554
12555
12556
12578
12579
12580
12602
12603
12604
12858
12859
12860
12882
12883
12884
12906
12907
12908
12972
12973
12974
12996
12997
12998
13346
13347
13348
13370
13371
13372
13394
13395
13396
13587
13588
13589
13611
13612
13613
13635
13636
13637
13745
13746
13760
13761
13850
13851
13852
13863
13864
13865
13876
13877
13878
14014
14015
14016
14029
14030
14031
14044
14045
14046
14211
14212
14213
14222
14223
14224
14233
14234
14235
14256
14257
14258
14270
14271
14272
14335
14336
14337
14361
14362
14363
14387
14388
14389
14695
14696
14697
14721
14722
14723
14747
14748
14749
14864
14865
14866
14890
14891
14892
14916
14917
14918
15185
15186
15187
15211
15212
15213
15241
15242
15243
15267
15268
15269
15612
15613
15614
15639
15640
15641
15666
15667
15668
15936
15937
15938
15963
15964
15965
15990
15991
15992
16260
16261
16262
16287
16288
16289
16314
16315
16316
16584
16585
16586
16611
16612
16613
16638
16639
16640
17032
17033
17034
17059
17060
17061
17086
17087
17088
17251
17252
17297
17298
17343
17344
17525
17526
17571
17572
17617
17618
17895
17896
17941
17942
17987
17988
18079
18080
18125
18126
18631
18632
18677
18678
18723
18724
18737
18738
18924
18925
18926
18938
18939
18940
19127
19128
19141
19142
19485
19486
19487
19499
19500
19501
19577
19578
19591
19592
19605
19606
19748
19749
19750
19763
19764
19765
19778
19779
19780
19825
19826
19827
19840
19841
19842
19855
19856
19857
19993
19994
19995
20008
20009
20010
20023
20024
20025
20155
20156
20157
20170
20171
20172
20215
20216
20217
20230
20231
20232
20245
20246
20247
20337
20338
20339
20359
20360
20361
20381
20382
20383
20501
20502
20523
20524
20831
20832
20853
20854
20875
20876
21063
21064
21065
21085
21086
21087
21251
21252
21253
21273
21274
21275
21350
21351
21352
21363
21364
21365
21376
21377
21378
21492
21493
21494
21502
21503
21504
21512
21513
21514
21589
21590
21599
21600
21609
21610
21678
21679
21680
21686
21687
21688
21768
21769
21770
21787
21788
21789
21806
21807
21808
22017
22018
22019
22046
22047
22048
22075
22076
22077
22307
22308
22309
22336
22337
22338
22365
22366
22367
22597
22598
22599
22626
22627
22628
22655
22656
22657
22887
22888
22889
22916
22917
22918
22945
22946
22947
23177
23178
23179
23206
23207
23208
23235
23236
23237
23421
23422
23423
23432
23433
23434
23506
23507
23508
23517
23518
23519
23594
23595
23596
23605
23606
23607
23682
23683
23684
23693
23694
23695
23770
23771
23772
23781
23782
23783
23902
23903
23904
23918
23919
23920
24046
24047
24048
24062
24063
24064
24190
24191
24192
24206
24207
24208
24330
24331
24346
24347
24362
24363
24364
24365
24366
24380
24381
24382
24549
24550
24551
24561
24562
24563
24573
24574
24575
24616
24617
24628
24629
24765
24766
24767
24777
24778
24779
24789
24790
24791
24873
24874
24875
24885
24886
24887
24897
24898
24899
24942
24943
24944
24954
24955
24956
25051
25052
25053
25064
25065
25066
25256
25257
25269
25270
25282
25283
25555
25556
25557
25568
25569
25570
25581
25582
25583
25739
25740
25741
25752
25753
25754
25765
25766
25767
25802
25803
25815
25816
25828
25829
25987
25988
25989
26016
26017
26018
26045
26046
26047
26359
26360
26361
26388
26389
26390
26997
26998
26999
27026
27027
27028
27055
27056
27057
27248
27249
27250
27277
27278
27279
27306
27307
27308
27786
27787
27788
27815
27816
27817
27918
27919
27920
27935
27936
27937
27952
27953
27954
28105
28106
28107
28122
28123
28124
28139
28140
28141
28292
28293
28294
28309
28310
28311
28326
28327
28328
28479
28480
28481
28496
28497
28498
28513
28514
28515
28666
28667
28668
28683
28684
28685
28700
28701
28702
28807
28808
28836
28837
28865
28866
29155
29156
29184
29185
29213
29214
29503
29504
29532
29533
29561
29562
29851
29852
29880
29881
29909
29910
30199
30200
30228
30229
30257
30258
30842
30843
30844
30874
30875
30876
30906
30907
30908
31299
31300
31301
31331
31332
31333
32407
32408
32409
32439
32440
32441
32471
32472
32473
33464
33465
33466
33496
33497
33498
33528
33529
33530
34295
34296
34297
34327
34328
34329
34633
34634
34658
34659
34960
34961
34962
34985
34986
34987
35139
35140
35141
35164
35165
35166
35189
35190
35191
35608
35609
35633
35634
35933
35934
35958
35959
36576
36577
36578
36613
36614
36615
37275
37276
37277
37312
37313
37314
37820
37821
37822
37877
37878
37879
38478
38479
38480
38515
38516
38517
39177
39178
39179
39214
39215
39216
39217
39218
39219
39230
39231
39232
39243
39244
39245
39478
39479
39480
39491
39492
39493
39566
39567
39579
39580
39592
39593
39651
39652
39653
39664
39665
39666
39910
39911
39912
39923
39924
39925
40272
40273
40292
40293
40314
40315
40316
40334
40335
40336
40354
40355
40356
40709
40710
40711
40729
40730
40731
41408
41409
41410
41428
41429
41430
41448
41449
41450
41788
41789
41790
41808
41809
41810
41828
41829
41830
41868
41869
41870
41881
41882
41883
41894
41895
41896
41958
41959
41960
41972
41973
41974
41986
41987
41988
42035
42036
42047
42048
42193
42194
42206
42207
42219
42220
42294
42295
42303
42304
42312
42313
42396
42397
42407
42408
42477
42478
42479
42488
42489
42490
42559
42560
42570
42571
42572
42573
42583
42584
42658
42659
42669
42670
42773
42774
42775
42796
42797
42798
42819
42820
42821
43104
43105
43106
43127
43128
43129
43150
43151
43152
43403
43404
43405
43426
43427
43428
43449
43450
43451
43679
43680
43681
43702
43703
43704
43725
43726
43727
43932
43933
43934
43955
43956
43957
43978
43979
43980
44106
44107
44123
44124
44385
44386
44387
44402
44403
44404
44427
44428
44444
44445
44565
44566
44582
44583
44733
44734
44750
44751
44876
44877
44878
44893
44894
44895
45177
45178
45194
45195
45211
45212
45530
45531
45532
45547
45548
45549
45564
45565
45566
45933
45934
45935
45950
45951
45952
46212
46213
46229
46230
46231
46232
46257
46258
46468
46469
46470
46494
46495
46496
46777
46778
46779
46803
46804
46805
46829
46830
46831
47037
47038
47063
47064
47089
47090
47373
47374
47399
47400
47698
47699
47700
47724
47725
47726
48036
48037
48038
48062
48063
48064
48374
48375
48376
48400
48401
48402
48712
48713
48714
48738
48739
48740
49050
49051
49052
49076
49077
49078
49279
49280
49281
49305
49306
49307
49513
49514
49515
49539
49540
49541
49747
49748
49749
49773
49774
49775
49981
49982
49983
50007
50008
50009
50199
50200
50201
50225
50226
50227
50917
50918
50919
50984
50985
50986
51051
51052
51053
51790
51791
51792
51857
51858
51859
51924
51925
51926
54398
54399
54400
54465
54466
54467
54532
54533
54534
55069
55070
55071
55136
55137
55138
55203
55204
55205
57137
57138
57139
57204
57205
57206
57271
57272
57273
58048
58049
58050
58080
58081
58082
58112
58113
58114
58277
58278
58279
58309
58310
58311
58341
58342
58343
58533
58534
58535
58565
58566
58567
58597
58598
58599
58778
58779
58780
58810
58811
58812
58842
58843
58844
59034
59035
59036
59066
59067
59068
59098
59099
59100
59225
59226
59227
59239
59240
59241
59416
59417
59430
59431
59617
59618
59619
59631
59632
59633
59982
59983
59984
59996
59997
59998
60074
60075
60088
60089
60102
60103
60309
60310
60311
60323
60324
60325
60379
60380
60381
60393
60394
60395
60407
60408
60409
60570
60571
60572
60584
60585
60586
60607
60608
60609
60621
60622
60623
60635
60636
60637
60772
60773
60786
60787
61068
61069
61082
61083
61248
61249
61262
61263
61410
61411
61412
61424
61425
61426
61502
61503
61516
61517
61530
61531
61612
61613
61626
61627
61898
61899
61900
62034
62035
62036
62170
62171
62172
62306
62307
62308
62442
62443
62444
62486
62487
62488
62512
62513
62514
62538
62539
62540
62701
62702
62703
62727
62728
62729
62916
62917
62942
62943
63332
63333
63358
63359
63462
63463
63488
63489
63514
63515
63836
63837
63838
63861
63862
63863
63886
63887
63888
64097
64098
64099
64122
64123
64124
64147
64148
64149
64171
64172
64173
64196
64197
64198
64221
64222
64223
64462
64463
64464
64487
64488
64489
64737
64738
64739
64762
64763
64764
65041
65042
65043
65055
65056
65057
65069
65070
65071
65108
65109
65110
65122
65123
65124
65323
65324
65325
65410
65411
65412
65424
65425
65426
65438
65439
65440
65530
65531
65532
65544
65545
65546
65779
65780
65781
65799
65800
65801
65819
65820
65821
66123
66124
66125
66147
66148
66149
66171
66172
66173
66231
66232
66251
66252
66812
66813
66814
66836
66837
66838
66860
66861
66862
67160
67161
67162
67180
67181
67182
67333
67334
67347
67348
67513
67514
67527
67528
67675
67676
67677
67689
67690
67691
67767
67768
67781
67782
67795
67796
67877
67878
67891
67892
68173
68174
68187
68188
68353
68354
68367
68368
68515
68516
68517
68529
68530
68531
68688
68689
68690
68702
68703
68704
68717
68718
68731
68732
69018
69019
69020
69047
69048
69049
69076
69077
69078
69105
69106
69131
69132
69429
69430
69431
69455
69456
69457
69481
69482
69483
69573
69574
69575
69599
69600
69601
69625
69626
69627
69822
69823
69824
69848
69849
69850
70171
70172
70173
70197
70198
70199
70223
70224
70225
70249
70250
70275
70276
70301
70302
70599
70600
70601
70625
70626
70627
70651
70652
70653
70717
70718
70719
70743
70744
70745
70769
70770
70771
71061
71062
71063
71087
71088
71089
71113
71114
71115
71319
71320
71321
71338
71339
71340
71421
71422
71423
71440
71441
71442
71459
71460
71461
71642
71643
71644
71661
71662
71663
71680
71681
71682
71827
71828
71829
71846
71847
71848
71865
71866
71867
72003
72004
72005
72022
72023
72024
72302
72303
72304
72322
72323
72324
72602
72603
72604
72622
72623
72624
72897
72898
72899
72917
72918
72919
72937
72938
72939
73197
73198
73199
73217
73218
73219
73237
73238
73239
73502
73503
73504
73522
73523
73524
73638
73639
73640
73660
73661
73662
73682
73683
73684
73858
73859
73860
73880
73881
73882
73902
73903
73904
74078
74079
74080
74100
74101
74102
74122
74123
74124
74298
74299
74300
74320
74321
74322
74342
74343
74344
74518
74519
74520
74540
74541
74542
74562
74563
74564
74643
74644
74648
74649
74653
74654
74658
74659
74663
74664
74687
74688
74689
74693
74694
74695
74699
74700
74701
74749
74750
74760
74761
74771
74772
74828
74829
74833
74834
74835
74836
74852
74853
75003
75004
75020
75021
75141
75142
75158
75159
75350
75351
75352
75367
75368
75369
75384
75385
75386
75498
75499
75515
75516
75532
75533
76157
76158
76159
76183
76184
76185
76209
76210
76211
77041
77042
77043
77067
77068
77069
77093
77094
77095
77743
77744
77745
77769
77770
77771
77795
77796
77797
78289
78290
78291
78315
78316
78317
78341
78342
78343
79275
79276
79277
79301
79302
79303
79327
79328
79329
79478
79479
79480
79514
79515
79516
79550
79551
79552
79868
79869
79870
79914
79915
79916
79960
79961
79962
80182
80183
80184
80210
80211
80212
80238
80239
80240
80545
80546
80547
80582
80583
80584
80619
80620
80621
80878
80879
80880
80915
80916
80917
80952
80953
80954
81418
81419
81420
81440
81441
81442
81462
81463
81464
81814
81815
81816
81836
81837
81838
81858
81859
81860
82100
82101
82102
82122
82123
82124
82144
82145
82146
82694
82695
82696
82716
82717
82718
82738
82739
82740
83046
83047
83048
83068
83069
83070
83090
83091
83092
83290
83291
83292
83302
83303
83304
83314
83315
83316
83350
83351
83352
83362
83363
83364
83374
83375
83376
83410
83411
83412
83422
83423
83424
83434
83435
83436
83470
83471
83472
83482
83483
83484
83494
83495
83496
83530
83531
83532
83542
83543
83544
83554
83555
83556
83578
83579
83595
83596
83782
83783
83799
83800
83816
83817
83899
83900
83916
83917
83933
83934
84078
84079
84080
84095
84096
84097
84112
84113
84114
84232
84233
84234
84249
84250
84251
84266
84267
84268
84539
84540
84541
84572
84573
84574
84803
84804
84805
84836
84837
84838
85067
85068
85069
85100
85101
85102
85331
85332
85333
85364
85365
85366
85595
85596
85597
85628
85629
85630
85892
85893
85894
85925
85926
85927
85958
85959
85960
86288
86289
86290
86321
86322
86323
86354
86355
86356
86684
86685
86686
86717
86718
86719
86750
86751
86752
87080
87081
87082
87113
87114
87115
87146
87147
87148
87476
87477
87478
87509
87510
87511
87542
87543
87544
87631
87632
87633
87645
87646
87647
87799
87800
87801
87813
87814
87815
87827
87828
87829
87951
87952
87953
87965
87966
87967
87979
87980
87981
88124
88125
88126
88138
88139
88140
88152
88153
88154
88246
88247
88248
88260
88261
88262
88274
88275
88276
88407
88408
88409
88425
88426
88427
88674
88675
88676
88692
88693
88694
88710
88711
88712
88951
88952
88953
88969
88970
88971
88987
88988
88989
89095
89096
89097
89113
89114
89115
89131
89132
89133
89303
89304
89305
89321
89322
89323
89611
89612
89613
89715
89716
89717
89819
89820
89821
89923
89924
89925
90027
90028
90029
90372
90373
90392
90393
90414
90415
90416
90434
90435
90436
90454
90455
90456
90809
90810
90811
90829
90830
90831
91508
91509
91510
91528
91529
91530
91548
91549
91550
91888
91889
91890
91908
91909
91910
91928
91929
91930
91948
91949
91950
91972
91973
91974
91996
91997
91998
92206
92207
92208
92230
92231
92232
92254
92255
92256
92470
92471
92472
92494
92495
92496
92518
92519
92520
92834
92835
92836
92858
92859
92860
92882
92883
92884
93063
93064
93065
93087
93088
93089
93111
93112
93113
93301
93302
93303
93320
93321
93322
93339
93340
93341
93434
93435
93436
93453
93454
93455
93472
93473
93474
93526
93527
93528
93545
93546
93547
93564
93565
93566
93733
93734
93735
93752
93753
93754
93771
93772
93773
93866
93867
93868
93885
93886
93887
93904
93905
93906
94050
94051
94052
94080
94081
94082
94110
94111
94112
94410
94411
94412
94440
94441
94442
94470
94471
94472
94770
94771
94772
94800
94801
94802
94830
94831
94832
95130
95131
95132
95160
95161
95162
95190
95191
95192
95490
95491
95492
95520
95521
95522
95550
95551
95552
95945
95946
95947
95965
95966
95967
95985
95986
95987
96298
96299
96300
96318
96319
96320
96338
96339
96340
96457
96458
96459
96477
96478
96479
96497
96498
96499
97005
97006
97007
97025
97026
97027
97045
97046
97047
97467
97468
97469
97487
97488
97489
97510
97511
97512
97521
97522
97523
97532
97533
97534
97574
97575
97576
97585
97586
97587
97694
97695
97703
97704
97712
97713
97716
97717
97718
97721
97722
97723
97743
97744
97745
97750
97751
97752
97757
97758
97759
97808
97809
97810
97816
97817
97818
97824
97825
97826
97880
97881
97882
97888
97889
97890
97896
97897
97898
97952
97953
97954
97960
97961
97962
97968
97969
97970
98024
98025
98026
98032
98033
98034
98040
98041
98042
98096
98097
98098
98104
98105
98106
98112
98113
98114
98341
98342
98361
98362
98581
98582
98583
98601
98602
98603
98830
98831
98832
98850
98851
98852
99070
99071
99072
99090
99091
99092
99310
99311
99312
99330
99331
99332
99426
99427
99428
99440
99441
99442
99454
99455
99456
99608
99609
99610
99622
99623
99624
99636
99637
99638
99790
99791
99792
99804
99805
99806
99818
99819
99820
99972
99973
99974
99986
99987
99988
100000
100001
100002
100055
100056
100057
100069
100070
100071
100237
100238
100254
100255
100403
100404
100405
100420
100421
100422
100628
100629
100630
100645
100646
100647
100662
100663
100664
100830
100831
100847
100848
100908
100909
100910
100925
100926
100927
100942
100943
100944
101038
101039
101040
101048
101049
101050
101058
101059
101060
101063
101064
101065
101075
101076
101077
101169
101170
101171
101179
101180
101181
101189
101190
101191
101251
101252
101262
101263
101273
101274
101340
101341
101342
101350
101351
101352
101360
101361
101362
101568
101569
101570
101595
101596
101597
101622
101623
101624
102362
102363
102364
102389
102390
102391
102524
102525
102526
102551
102552
102553
102578
102579
102580
102928
102929
102930
102955
102956
102957
103668
103669
103670
103695
103696
103697
103722
103723
103724
103992
103993
103994
104014
104015
104016
104036
104037
104038
104141
104142
104143
104163
104164
104165
104185
104186
104187
104338
104339
104340
104360
104361
104362
104382
104383
104384
104420
104421
104422
104442
104443
104444
104464
104465
104466
104646
104647
104648
104668
104669
104670
104690
104691
104692
104753
104754
104755
104765
104766
104767
104777
104778
104779
104820
104821
104832
104833
104969
104970
104971
104981
104982
104983
104993
104994
104995
105077
105078
105079
105089
105090
105091
105101
105102
105103
105145
105146
105147
105157
105158
105159
105327
105328
105329
105341
105342
105343
105355
105356
105357
105523
105524
105525
105537
105538
105539
105551
105552
105553
105649
105650
105651
105663
105664
105665
105994
105995
105996
106008
106009
106010
106022
106023
106024
106201
106202
106203
106215
106216
106217
106229
106230
106231
106270
106271
106272
106279
106280
106281
106295
106296
106304
106305
106313
106314
106374
106375
106383
106384
106392
106393
106430
106431
106439
106440
106455
106456
106464
106465
106504
106505
106506
106509
106510
106511
106540
106541
106545
106546
106547
106548
106552
106553
106585
106586
106590
106591
106621
106622
106623
106627
106628
106629
106633
106634
106635
106709
106710
106711
106739
106740
106741
106769
106770
106771
106949
106950
106951
106979
106980
106981
107009
107010
107011
107189
107190
107191
107219
107220
107221
107249
107250
107251
107399
107400
107401
107429
107430
107431
107459
107460
107461
107609
107610
107611
107639
107640
107641
107669
107670
107671
107758
107759
107770
107771
107782
107783
107795
107796
107797
107807
107808
107809
107819
107820
107821
107830
107831
107842
107843
107867
107868
107869
107903
107904
107905
108036
108037
108038
108058
108059
108060
108080
108081
108082
108256
108257
108258
108278
108279
108280
108300
108301
108302
108476
108477
108478
108498
108499
108500
108520
108521
108522
108696
108697
108698
108718
108719
108720
108740
108741
108742
108916
108917
108918
108938
108939
108940
108960
108961
108962
109112
109113
109114
109148
109149
109150
109184
109185
109186
109467
109468
109469
109503
109504
109505
109539
109540
109541
109791
109792
109793
109827
109828
109829
109863
109864
109865
110084
110085
110086
110120
110121
110122
110156
110157
110158
110408
110409
110410
110444
110445
110446
110480
110481
110482
110912
110913
110914
110948
110949
110950
110984
110985
110986
111194
111195
111196
111230
111231
111232
111266
111267
111268
111446
111447
111448
111482
111483
111484
111518
111519
111520
111668
111669
111670
111704
111705
111706
111740
111741
111742
111920
111921
111922
111956
111957
111958
111992
111993
111994
112106
112107
112108
112112
112113
112114
112118
112119
112120
112135
112136
112144
112145
112153
112154
112185
112186
112187
112190
112191
112192
112194
112195
112198
112199
112202
112203
112218
112219
112224
112225
112332
112333
112334
112361
112362
112363
112390
112391
112392
112598
112599
112600
112627
112628
112629
112656
112657
112658
112723
112724
112725
112762
112763
112764
112801
112802
112803
112966
112967
112968
112995
112996
112997
113024
113025
113026
113257
113258
113259
113296
113297
113298
113335
113336
113337
113487
113488
113498
113499
113619
113620
113630
113631
113650
113651
113661
113662
113775
113776
113777
113786
113787
113788
113850
113851
113861
113862
113912
113913
113922
113923
113932
113933
114012
114013
114022
114023
114032
114033
114112
114113
114122
114123
114132
114133
114202
114203
114212
114213
114222
114223
114302
114303
114312
114313
114322
114323
