3313
3589
3865
4141
4417
4616
4814
5012
5210
5408
5439
5442
5443
5444
5450
5451
5452
5475
5486
5497
5498
5499
5500
5505
5506
5507
5508
5509
5510
5511
5512
5513
5515
5516
5517
5518
5596
5695
5731
5736
5873
6005
6009
6170
6302
6306
6599
6614
6618
6896
6926
7193
7223
7274
7377
7466
7634
7647
7682
7730
7854
7867
7898
7994
8066
8162
8258
8279
8334
8351
8382
8426
8522
8530
8544
8766
8769
8776
8787
8893
9111
9149
9150
9151
9152
9153
9154
9155
9156
9166
9167
9168
9169
9170
9171
9172
9173
9183
9184
9185
9186
9187
9188
9189
9190
9203
9204
9205
9206
9220
9221
9222
9223
9224
9237
9238
9239
9240
9241
9251
9252
9253
9254
9255
9256
9257
9258
9270
9271
9272
9273
9274
9275
9287
9288
9289
9290
9291
9292
9304
9305
9306
9307
9308
9309
9321
9322
9323
9324
9325
9326
9338
9339
9340
9341
9342
9343
9355
9356
9357
9358
9359
9360
9372
9373
9374
9375
9376
9377
9378
9389
9390
9391
9392
9393
9394
9533
9551
9552
9573
9689
9846
9999
10016
10152
10271
10305
10424
10458
10583
10709
10835
10961
11087
11177
11345
11609
11873
11969
12137
12401
12497
12665
12929
13193
13289
13457
13721
13759
13774
13835
13855
13856
13857
13858
13859
13860
13861
13862
13868
13869
13870
13871
13902
13915
13928
13929
13930
13931
13932
13933
13934
13941
13942
13943
13944
13945
13946
13947
13948
13949
13953
13954
13955
13956
13957
13958
13959
13960
13961
13962
13966
13967
13968
13969
13970
13971
13972
13973
13974
13975
13976
13977
13979
13994
14009
14035
14070
14085
14100
14101
14111
14114
14115
14116
14126
14127
14128
14129
14130
14131
14132
14133
14141
14142
14143
14144
14145
14189
14244
14283
14292
14349
14453
14505
14526
14739
14973
15207
15311
15467
15790
16114
16117
16375
16438
16444
16762
17086
17389
17711
18033
18156
18355
18364
18677
18700
18877
18905
19101
19107
19109
19297
19339
19493
19591
19614
19663
19689
19808
19928
20048
20168
20175
20288
20435
20457
20458
20479
20480
20481
20496
20617
20677
20769
20853
20875
21073
21271
21293
21305
21306
21307
21308
21318
21345
21384
21397
21410
21411
21412
21420
21421
21422
21423
21424
21425
21433
21434
21435
21436
21437
21438
21439
21440
21443
21446
21447
21448
21449
21450
21457
21458
21459
21460
21467
21468
21509
21529
21569
21576
21639
21642
21643
21646
21649
21681
21732
21742
21879
21884
21889
21894
21898
21899
21900
21901
21902
21903
21904
21905
21906
21907
21908
21909
21910
21911
21912
21913
21914
21915
21916
21917
21918
21919
21920
21921
21922
21923
21924
21925
21926
21927
21928
21929
21930
21931
21932
21933
21934
21935
21936
21937
21938
21939
21940
21941
21942
21943
21944
21945
21946
21947
21948
21949
21950
21951
21952
21953
21954
21955
22188
22189
22190
22191
22192
22193
22194
22195
22196
22197
22198
22199
22200
22201
22202
22203
22204
22205
22206
22207
22208
22209
22210
22211
22212
22213
22214
22215
22216
22217
22218
22219
22220
22221
22222
22223
22224
22225
22226
22227
22228
22229
22230
22231
22232
22233
22234
22235
22236
22237
22238
22239
22240
22241
22242
22243
22244
22245
22478
22479
22480
22481
22482
22483
22484
22485
22486
22487
22488
22489
22490
22491
22492
22493
22494
22495
22496
22497
22498
22499
22500
22501
22502
22503
22504
22505
22506
22507
22508
22509
22510
22511
22512
22513
22514
22515
22516
22517
22518
22519
22520
22521
22522
22523
22524
22525
22526
22527
22528
22529
22530
22531
22532
22533
22534
22535
22768
22769
22770
22771
22772
22773
22774
22775
22776
22777
22778
22779
22780
22781
22782
22783
22784
22785
22786
22787
22788
22789
22790
22791
22792
22793
22794
22795
22796
22797
22798
22799
22800
22801
22802
22803
22804
22805
22806
22807
22808
22809
22810
22811
22812
22813
22814
22815
22816
22817
22818
22819
22820
22821
22822
22823
22824
22825
23058
23059
23060
23061
23062
23063
23064
23065
23066
23067
23068
23069
23070
23071
23072
23073
23074
23075
23076
23077
23078
23079
23080
23081
23082
23083
23084
23085
23086
23087
23088
23089
23090
23091
23092
23093
23094
23095
23096
23097
23098
23099
23100
23101
23102
23103
23104
23105
23106
23107
23108
23109
23110
23111
23112
23113
23114
23115
23425
23513
23601
23689
23777
23804
23916
23948
24060
24204
24348
24492
24604
24652
24658
24659
24712
24748
24772
24780
24820
24851
24910
24928
24934
25036
25039
25048
25060
25061
25062
25063
25073
25113
25217
25230
25231
25232
25233
25243
25244
25245
25246
25247
25295
25399
25412
25413
25414
25415
25425
25426
25427
25428
25429
25477
25581
25594
25606
25607
25608
25609
25619
25659
25763
25841
25846
25945
26306
26546
26683
26784
26923
27060
27161
27300
27360
27437
27538
27677
27756
27814
36101
36112
36122
36171
36252
36263
36397
36406
36417
36467
36557
36571
36612
36767
36778
36788
36915
36926
36936
36985
37066
37077
37211
37226
37278
37493
37502
37510
37524
37534
37721
37732
37742
37750
37760
37831
37925
37962
37999
38003
38008
38014
38019
38024
38073
38085
38154
38165
38221
38258
38295
38299
38308
38319
38369
38459
38473
38514
38669
38680
38690
38693
38758
38817
38828
38841
38887
38968
38979
39113
39128
39180
39269
39276
39321
39347
39354
39425
39430
39490
39496
39529
39581
39590
39633
39640
39698
39743
39776
39874
39919
39922
39928
39930
39946
39952
39992
40037
40045
40132
40134
40165
40241
40292
40294
40332
40366
40407
40412
40492
40496
40504
40563
40592
40672
40678
40706
40712
40752
40797
40805
40892
40895
41052
41054
41057
41092
41126
41167
41172
41252
41256
41264
41323
41352
41432
41438
41466
41472
41512
41557
41565
41652
41656
41743
41752
41812
41910
41933
41947
41948
42007
42008
42021
42022
42030
42071
42077
42078
42131
42137
42138
42156
42160
42165
42195
42208
42221
42234
42241
42245
42247
42248
42249
42254
42258
42278
42296
42332
42374
42407
42451
42484
42561
42564
42594
42638
42649
42715
42979
43255
43531
43807
44083
44242
44265
44395
44514
44548
44557
44701
44854
44871
44887
44888
44889
44890
44904
44990
45126
45143
45144
45145
45146
45160
45161
45162
45163
45164
45165
45228
45364
45381
45398
45399
45400
45414
45500
45551
45670
45772
45823
45942
45959
45975
45976
45977
45978
45992
46078
46214
46283
46288
46387
46439
46673
46691
46762
46907
46925
47141
47271
47346
47375
47427
47531
47635
47713
47869
48051
48389
48441
48545
48727
48883
48987
49065
58013
58164
58420
58432
58433
58676
59402
59408
59410
59570
59598
59794
59836
59990
60088
60111
60160
60186
60228
60259
60312
60382
60385
60393
60410
60462
60466
60471
60485
60499
60503
60552
60559
60563
60573
60577
60578
60585
60587
60588
60589
60591
60622
60636
60650
60654
60689
60703
60712
60713
60717
60726
60727
60731
60746
60788
60914
60916
60925
60935
60961
60991
60992
61012
61082
61084
61124
61148
61152
61182
61196
61204
61210
61218
61219
61224
61232
61233
61234
61235
61250
61302
61306
61311
61325
61339
61343
61392
61399
61403
61413
61417
61418
61425
61427
61428
61429
61431
61462
61476
61490
61494
61552
61553
61557
61566
61567
61571
61586
61628
61754
61756
61765
62604
62630
62656
62657
62658
62659
62676
62677
62708
62890
62901
62913
63038
63055
63124
63358
63592
63768
63868
63879
63883
64043
64143
64154
64158
64318
64418
64429
64433
64593
64693
64704
64708
64868
64968
64979
64983
65593
65594
65596
65597
65673
65674
65753
65754
65802
65833
65834
65842
65901
65902
65904
65905
65997
65998
66018
66019
66093
66094
66096
66097
66189
66190
66198
66210
66211
66213
66214
66293
66294
66296
66297
66373
66374
66513
66514
66516
66517
66522
66581
66602
66603
66677
66678
66680
66681
66794
66795
66869
66870
66872
66873
66879
66885
66933
66941
66942
66944
66945
67013
67044
67173
67181
67185
67200
67226
67256
67257
67277
67347
67349
67389
67413
67417
67447
67461
67469
67475
67483
67484
67489
67497
67498
67499
67500
67515
67567
67571
67576
67590
67604
67608
67657
67664
67668
67678
67682
67683
67690
67692
67693
67694
67696
67727
67741
67755
67759
67817
67818
67822
67831
67832
67836
67851
67893
68019
68021
68030
68033
68034
68040
68041
68042
68047
68048
68061
68062
68096
68097
68099
68117
68187
68189
68229
68253
68257
68287
68301
68309
68315
68323
68324
68329
68330
68331
68337
68338
68339
68340
68355
68407
68411
68416
68430
68444
68445
68446
68448
68477
68497
68504
68508
68518
68522
68523
68525
68530
68532
68533
68534
68536
68539
68540
68541
68542
68543
68544
68567
68581
68595
68596
68597
68599
68603
68604
68657
68658
68662
68671
68672
68676
68691
68733
68735
68736
68737
68738
68739
68805
68859
68861
68870
69076
69131
69313
69324
69335
69365
69530
69547
69556
69599
69615
69781
69833
69849
70015
70223
70243
70275
70457
70468
70479
70535
70613
70665
70691
70700
70743
70759
70925
70947
71159
71174
71176
71177
72189
72240
72320
72331
72489
72540
72620
72631
72789
72920
72931
73089
73151
73220
73236
73389
73440
73520
73526
73738
73958
73980
74178
74181
74194
74398
74618
74640
74644
74645
74646
74647
74649
74650
74651
74652
74654
74655
74656
74657
74658
74659
74660
74661
74662
74663
74664
74668
74669
74670
74671
74673
74674
74675
74676
74678
74679
74680
74681
74682
74683
74684
74685
74686
74687
74688
74689
74690
74691
74692
74693
74694
74695
74696
74697
74700
74701
74702
74703
74704
74706
74707
74708
74709
74710
74712
74713
74714
74715
74716
74717
74718
74719
74720
74721
74722
74723
74724
74725
74726
74727
74728
74729
74730
74731
74732
74733
74734
74735
74736
74737
74738
74739
74740
74741
74742
74743
74744
74745
74746
74747
74748
74749
74753
74754
74755
74756
74757
74758
74759
74760
74761
74762
74764
74765
74766
74767
74768
74769
74770
74771
74772
74773
74775
74776
74777
74778
74779
74780
74781
74782
74783
74784
74785
74786
74787
74788
74789
74790
74791
74792
74793
74794
74795
74796
74797
74798
74799
74800
74801
74802
74803
74804
74805
74806
74807
74808
74809
74810
74811
74812
74813
74814
74815
74816
74820
74821
74822
74823
74825
74826
74827
74828
74830
74831
74832
74833
74834
74852
74920
74971
75039
75085
75124
75127
75134
75226
75277
75430
75583
75654
75655
75659
75660
75661
75668
75669
75670
75674
75675
75782
75789
75790
75808
75815
75816
75834
75835
75836
75837
75856
75857
75858
75859
75860
75861
75862
75863
75882
75883
75884
75885
75886
75887
75888
75889
75908
75909
75910
75911
75948
75949
75990
75991
75992
75993
76012
76013
76014
76015
76016
76017
76018
76019
76038
76039
76040
76041
76042
76043
76044
76045
76064
76065
76066
76067
76172
76198
76257
76258
76269
76270
76283
76284
76295
76296
76328
76444
76445
76449
76450
76470
76471
76475
76476
76487
76488
76489
76490
76491
76492
76496
76497
76501
76502
76503
76504
76505
76506
76702
76703
76750
76751
76752
76763
76776
76777
76778
76789
76955
76956
76957
76958
76959
76960
76964
76965
76969
76970
76971
76972
76973
76974
76990
76991
77016
77017
77082
77165
77180
77191
77192
77193
77206
77217
77218
77219
77232
77243
77244
77245
77246
77247
77254
77255
77256
77257
77258
77347
77348
77361
77362
77373
77374
77387
77388
77399
77400
77413
77414
77456
77457
77503
77504
77517
77518
77529
77530
77543
77544
77711
77712
77713
77714
77715
77722
77723
77724
77725
77726
77737
77752
77763
77778
77789
77804
77836
77864
77865
77866
77867
77868
77869
77870
77871
77872
77873
77874
77875
77876
77877
77878
77879
77880
77881
77968
77969
77970
77971
77972
77973
77974
77975
77976
77977
77978
77979
77980
77981
77982
77983
77984
77985
77986
77994
77995
77996
77997
77998
77999
78000
78001
78002
78003
78004
78005
78006
78007
78008
78009
78010
78011
78012
78016
78017
78042
78043
78068
78069
78094
78095
78100
78101
78102
78115
78116
78120
78121
78126
78127
78128
78141
78142
78146
78147
78152
78153
78154
78167
78168
78172
78173
78210
78211
78255
78256
78257
78258
78259
78260
78271
78272
78276
78277
78303
78329
78355
78356
78380
78381
78382
78406
78407
78408
78432
78433
78434
78458
78459
78460
78461
78462
78484
78485
78486
78487
78488
78510
78511
78512
78513
78514
78515
78516
78517
78518
78519
78520
78521
78522
78523
78524
78525
78526
78527
78528
78529
78530
78531
78532
78533
78534
78535
78536
78537
78538
78539
78540
78541
78542
78543
78544
78545
78546
78547
78548
78549
78550
78551
78552
78553
78554
78555
78556
78557
78558
78559
78560
78561
78562
78563
78564
78565
78566
78567
78568
78569
78570
78571
78572
78573
78574
78575
78576
78577
78578
78579
78580
78581
78582
78583
78584
78585
78586
78587
78588
78589
78590
78591
78592
78593
78594
78595
78596
78597
78598
78599
78600
78601
78602
78603
78604
78605
78606
78607
78608
78609
78610
78611
78612
78613
78614
78615
78616
78617
78618
78619
78620
78621
78622
78623
78624
78625
78626
78627
78628
78629
78630
78631
78632
78633
78634
78635
78636
78637
78638
78639
78640
78641
78642
78643
78644
78645
78646
78647
78648
78649
78650
78651
78652
78653
78654
78655
78656
78657
78658
78659
78660
78661
78662
78663
78664
78665
78666
78667
78668
78669
78694
78695
78720
78721
78746
78747
78751
78755
78756
78757
78761
78762
78763
78764
78768
78772
78773
78777
78781
78782
78783
78787
78788
78789
78790
78794
78798
78799
78803
78824
78825
78829
78830
78831
78850
78851
78855
78856
78876
78877
78881
78882
78895
78896
78897
78898
78902
78903
78907
78908
78921
78922
78923
78924
78964
78965
79006
79007
79008
79009
79013
79014
79025
79026
79027
79032
79033
79034
79035
79039
79040
79058
79059
79060
79061
79065
79066
79067
79068
79072
79073
79074
79075
79076
79083
79084
79109
79110
79132
79133
79134
79135
79136
79158
79159
79160
79161
79162
79166
79167
79168
79169
79170
79171
79172
79176
79177
79178
79179
79180
79184
79185
79186
79187
79188
79192
79193
79194
79195
79196
79197
79198
79202
79203
79204
79205
79206
79210
79211
79212
79213
79214
79218
79219
79220
79221
79222
79223
79224
79228
79229
79230
79231
79232
79236
79237
79238
79239
79240
79244
79245
79246
79247
79248
79249
79250
79254
79255
79256
79257
79258
79265
79291
79317
79343
79344
79369
79694
80052
80406
80730
81063
81100
81101
81102
81103
81104
81105
81109
81113
81117
81118
81119
81120
81121
81122
81123
81124
81125
81126
81127
81131
81135
81139
81140
81141
81142
81143
81149
81153
81157
81161
81166
81171
81175
81179
81183
81474
81496
81518
81519
81520
81521
81522
81523
81524
81525
81526
81527
81528
81529
81530
81531
81532
81533
81534
81535
81536
81537
81538
81539
81547
81548
81549
81553
81554
81555
81562
81569
81570
81571
81575
81576
81577
81584
81591
81592
81593
81597
81598
81599
81606
81607
81608
81609
81613
81614
81615
81619
81620
81621
81625
81626
81627
81848
81870
81892
81893
81894
81895
81896
81897
81898
81902
81903
81904
81908
81909
81910
81911
81912
81913
81924
81925
81926
81936
81946
81947
81948
81949
81950
81958
81968
81969
81970
81971
81972
81980
81981
81982
81983
81984
81985
81986
81987
81988
81989
81990
81991
81992
81993
81994
81995
81996
81997
81998
81999
82000
82001
82310
82354
82359
82363
82367
82371
82372
82373
82376
82381
82385
82389
82393
82394
82395
82398
82399
82400
82401
82402
82403
82404
82405
82407
82408
82409
82411
82412
82413
82415
82416
82417
82418
82419
82420
82421
82422
82423
82424
82425
82429
82433
82437
82438
82439
82440
82441
82442
82443
82444
82445
82446
82447
82451
82455
82459
82460
82461
82462
82463
82469
82473
82477
82481
82486
82491
82495
82499
82503
82728
82750
82772
82773
82774
82775
82776
82777
82778
82782
82783
82784
82788
82789
82790
82791
82792
82793
82804
82805
82806
82816
82826
82827
82828
82829
82830
82838
82848
82849
82850
82851
82852
82860
82861
82862
82863
82864
82868
82872
82876
82877
82878
82879
82880
82881
82882
82883
82884
82885
82886
82890
82894
82898
82899
82900
82901
82902
82903
82908
82912
82916
82920
82926
82930
82934
82938
82942
83168
83212
83217
83221
83225
83229
83230
83231
83234
83239
83243
83247
83251
83252
83253
83256
83257
83258
83259
83260
83261
83262
83263
83265
83266
83267
83269
83270
83271
83273
83274
83275
83276
83277
83326
83386
83446
83506
83566
83595
83608
83663
83697
83714
83748
83799
83867
83879
83926
83952
84020
84024
84156
84162
84165
84241
84309
84425
84458
84491
84492
84493
84494
84495
84496
84497
84498
84499
84500
84501
84502
84513
84514
84515
84516
84517
84518
84519
84520
84521
84522
84523
84524
84525
84526
84527
84528
84529
84530
84531
84532
84533
84534
84535
84546
84547
84548
84549
84550
84551
84552
84553
84554
84555
84556
84557
84558
84559
84560
84561
84562
84563
84564
84565
84566
84567
84568
84569
84570
84579
84580
84581
84582
84583
84584
84585
84586
84587
84588
84589
84689
84722
84755
84756
84757
84758
84759
84760
84761
84762
84763
84764
84765
84766
84777
84778
84779
84780
84781
84782
84783
84784
84785
84786
84787
84788
84789
84790
84791
84792
84793
84794
84795
84796
84797
84798
84799
84810
84811
84812
84813
84814
84815
84816
84817
84818
84819
84820
84821
84822
84823
84824
84825
84826
84827
84828
84829
84830
84831
84832
84833
84834
84843
84844
84845
84846
84847
84848
84849
84850
84851
84852
84853
84953
84986
85019
85020
85021
85022
85023
85024
85025
85026
85027
85028
85029
85030
85041
85042
85043
85044
85045
85046
85047
85048
85049
85050
85051
85052
85053
85054
85055
85056
85057
85058
85059
85060
85061
85062
85063
85074
85075
85076
85077
85078
85079
85080
85081
85082
85083
85084
85085
85086
85087
85088
85089
85090
85091
85092
85093
85094
85095
85096
85097
85098
85107
85108
85109
85110
85111
85112
85113
85114
85115
85116
85117
85217
85250
85283
85284
85285
85286
85287
85288
85289
85290
85291
85292
85293
85294
85305
85306
85307
85308
85309
85310
85311
85312
85313
85314
85315
85316
85317
85318
85319
85320
85321
85322
85323
85324
85325
85326
85327
85338
85339
85340
85341
85342
85343
85344
85345
85346
85347
85348
85349
85350
85351
85352
85353
85354
85355
85356
85357
85358
85359
85360
85361
85362
85371
85372
85373
85374
85375
85376
85377
85378
85379
85380
85381
85481
85514
85547
85548
85549
85550
85551
85552
85553
85554
85555
85556
85557
85558
85569
85570
85571
85572
85573
85574
85575
85576
85577
85578
85579
85580
85581
85582
85583
85584
85585
85586
85587
85588
85589
85590
85591
85602
85603
85604
85605
85606
85607
85608
85609
85610
85611
85612
85613
85614
85615
85616
85617
85618
85619
85620
85621
85622
85623
85624
85625
85626
85635
85636
85637
85638
85639
85640
85641
85642
85643
85644
85645
85745
85778
85811
85812
85813
85814
85815
85816
85817
85818
85819
85820
85821
85822
85823
85824
85825
85829
85830
85831
85832
85833
85834
85835
85836
85837
85838
85839
85840
85841
85842
85843
85844
85845
85846
85847
85848
85849
85850
85851
85852
85853
85854
85855
85856
85857
85858
85862
85863
85864
85865
85866
85867
85868
85869
85870
85871
85872
85873
85874
85875
85876
85877
85878
85879
85880
85881
85882
85883
85884
85885
85886
85887
85888
85898
85899
85900
85901
85902
85903
85904
85905
85906
85907
85908
85909
85910
85911
85912
85913
85914
85915
85916
85917
85918
85919
85920
85921
85922
85923
85931
85932
85933
85934
85935
85936
85937
85938
85939
85940
85941
85942
85943
85944
85945
85946
85947
85948
85949
85950
85951
85952
85953
85954
85955
85956
85964
85965
85966
85967
85968
85969
85970
85971
85972
85973
85974
85975
85976
85977
85978
85979
85980
85981
85982
85983
85984
85985
85986
85987
85988
85989
85990
85994
85995
85996
85997
85998
85999
86000
86001
86002
86003
86004
86005
86006
86007
86008
86009
86010
86011
86012
86013
86014
86015
86016
86017
86018
86019
86020
86021
86022
86023
86024
86025
86027
86028
86029
86030
86031
86032
86033
86034
86035
86036
86037
86038
86039
86040
86041
86141
86174
86207
86208
86209
86210
86211
86212
86213
86214
86215
86216
86217
86218
86219
86220
86221
86225
86226
86227
86228
86229
86230
86231
86232
86233
86234
86235
86236
86237
86238
86239
86240
86241
86242
86243
86244
86245
86246
86247
86248
86249
86250
86251
86252
86253
86254
86258
86259
86260
86261
86262
86263
86264
86265
86266
86267
86268
86269
86270
86271
86272
86273
86274
86275
86276
86277
86278
86279
86280
86281
86282
86283
86284
86294
86295
86296
86297
86298
86299
86300
86301
86302
86303
86304
86305
86306
86307
86308
86309
86310
86311
86312
86313
86314
86315
86316
86317
86318
86319
86327
86328
86329
86330
86331
86332
86333
86334
86335
86336
86337
86338
86339
86340
86341
86342
86343
86344
86345
86346
86347
86348
86349
86350
86351
86352
86360
86361
86362
86363
86364
86365
86366
86367
86368
86369
86370
86371
86372
86373
86374
86375
86376
86377
86378
86379
86380
86381
86382
86383
86384
86385
86386
86390
86391
86392
86393
86394
86395
86396
86397
86398
86399
86400
86401
86402
86403
86404
86405
86406
86407
86408
86409
86410
86411
86412
86413
86414
86415
86416
86417
86418
86419
86420
86421
86423
86424
86425
86426
86427
86428
86429
86430
86431
86432
86433
86434
86435
86436
86437
86537
86570
86603
86604
86605
86606
86607
86608
86609
86610
86611
86612
86613
86614
86615
86616
86617
86621
86622
86623
86624
86625
86626
86627
86628
86629
86630
86631
86632
86633
86634
86635
86636
86637
86638
86639
86640
86641
86642
86643
86644
86645
86646
86647
86648
86649
86650
86654
86655
86656
86657
86658
86659
86660
86661
86662
86663
86664
86665
86666
86667
86668
86669
86670
86671
86672
86673
86674
86675
86676
86677
86678
86679
86680
86690
86691
86692
86693
86694
86695
86696
86697
86698
86699
86700
86701
86702
86703
86704
86705
86706
86707
86708
86709
86710
86711
86712
86713
86714
86715
86723
86724
86725
86726
86727
86728
86729
86730
86731
86732
86733
86734
86735
86736
86737
86738
86739
86740
86741
86742
86743
86744
86745
86746
86747
86748
86756
86757
86758
86759
86760
86761
86762
86763
86764
86765
86766
86767
86768
86769
86770
86771
86772
86773
86774
86775
86776
86777
86778
86779
86780
86781
86782
86786
86787
86788
86789
86790
86791
86792
86793
86794
86795
86796
86797
86798
86799
86800
86801
86802
86803
86804
86805
86806
86807
86808
86809
86810
86811
86812
86813
86814
86815
86816
86817
86819
86820
86821
86822
86823
86824
86825
86826
86827
86828
86829
86830
86831
86832
86833
86933
86966
86999
87000
87001
87002
87003
87004
87005
87006
87007
87008
87009
87010
87011
87012
87013
87017
87018
87019
87020
87021
87022
87023
87024
87025
87026
87027
87028
87029
87030
87031
87032
87033
87034
87035
87036
87037
87038
87039
87040
87041
87042
87043
87044
87045
87046
87050
87051
87052
87053
87054
87055
87056
87057
87058
87059
87060
87061
87062
87063
87064
87065
87066
87067
87068
87069
87070
87071
87072
87073
87074
87075
87076
87086
87087
87088
87089
87090
87091
87092
87093
87094
87095
87096
87097
87098
87099
87100
87101
87102
87103
87104
87105
87106
87107
87108
87109
87110
87111
87119
87120
87121
87122
87123
87124
87125
87126
87127
87128
87129
87130
87131
87132
87133
87134
87135
87136
87137
87138
87139
87140
87141
87142
87143
87144
87152
87153
87154
87155
87156
87157
87158
87159
87160
87161
87162
87163
87164
87165
87166
87167
87168
87169
87170
87171
87172
87173
87174
87175
87176
87177
87178
87182
87183
87184
87185
87186
87187
87188
87189
87190
87191
87192
87193
87194
87195
87196
87197
87198
87199
87200
87201
87202
87203
87204
87205
87206
87207
87208
87209
87210
87211
87212
87213
87215
87216
87217
87218
87219
87220
87221
87222
87223
87224
87225
87226
87227
87228
87229
87329
87362
87395
87396
87397
87398
87399
87400
87401
87402
87403
87404
87405
87406
87407
87408
87409
87413
87414
87415
87416
87417
87418
87419
87420
87421
87422
87423
87424
87425
87426
87427
87428
87429
87430
87431
87432
87433
87434
87435
87436
87437
87438
87439
87440
87441
87442
87446
87447
87448
87449
87450
87451
87452
87453
87454
87455
87456
87457
87458
87459
87460
87461
87462
87463
87464
87465
87466
87467
87468
87469
87470
87471
87472
87482
87483
87484
87485
87486
87487
87488
87489
87490
87491
87492
87493
87494
87495
87496
87497
87498
87499
87500
87501
87502
87503
87504
87505
87506
87507
87515
87516
87517
87518
87519
87520
87521
87522
87523
87524
87525
87526
87527
87528
87529
87530
87531
87532
87533
87534
87535
87536
87537
87538
87539
87540
87548
87549
87550
87551
87552
87553
87554
87555
87556
87557
87558
87559
87560
87561
87562
87563
87564
87565
87566
87567
87568
87569
87570
87571
87572
87573
87574
87578
87579
87580
87581
87582
87583
87584
87585
87586
87587
87588
87589
87590
87591
87592
87593
87594
87595
87596
87597
87598
87599
87600
87601
87602
87603
87604
87605
87606
87607
87608
87609
87611
87612
87613
87614
87615
87616
87617
87618
87619
87620
87621
87622
87623
87624
87625
87766
87920
88074
88214
88228
88284
88325
88368
88382
88612
88846
89062
89192
89230
89263
89278
89281
89494
90046
90052
90092
90137
90145
90232
90265
90392
90394
90397
90432
90466
90507
90512
90592
90596
90604
90663
90692
90772
90778
90806
90812
90852
90897
90905
90992
91025
91152
91154
91157
91192
91226
91267
91272
91352
91356
91364
91423
91452
91532
91538
91566
91572
91612
91657
91665
91752
91756
91852
91912
91980
92083
92172
92340
92353
92388
92436
92560
92604
92700
92772
92868
92964
92985
93040
93057
93088
93132
93228
93236
93250
94247
94607
94967
95327
95687
95717
95718
95719
95720
95721
95737
95738
95757
95758
95776
95777
95778
95796
95797
95798
95816
95817
95818
95835
95836
95837
95855
95856
95875
95876
95894
95895
95896
95915
95916
96037
96039
96040
96041
96042
96048
96049
96050
96056
96057
96058
96059
96060
96061
96062
96063
96064
96065
96067
96068
96069
96070
96071
96072
96073
96074
96075
96076
96080
96081
96136
96156
96157
96158
96176
96177
96178
96197
96256
96276
96397
96399
96400
96416
96417
96418
96419
96420
96436
96437
96438
96439
96443
96460
96516
96536
96537
96538
96556
96557
96558
96576
96577
96596
96616
96636
96656
96836
96856
96876
96895
96896
96914
96915
96916
96934
96935
96936
96955
96956
96975
96976
96995
96996
97015
97016
97034
97035
97036
97052
97053
97054
97055
97056
97076
97089
97090
97096
97097
97099
97100
97102
97105
97106
97107
97108
97109
97110
97116
97117
97118
97119
97120
97121
97122
97123
97124
97125
97126
97127
97128
97129
97130
97131
97132
97133
97134
97135
97136
97137
97138
97139
97140
97141
97157
97158
97159
97177
97178
97197
97198
97217
97218
97236
97237
97238
97255
97256
97257
97275
97276
97295
97296
97297
97315
97316
97335
97336
97356
97397
97437
97439
97457
97459
97460
97461
97477
97478
97479
97480
97481
97519
97563
97574
97575
97585
97586
97596
97597
97640
97669
97705
97706
97709
97712
97734
97753
97760
97767
97774
97775
97776
99495
99551
99677
99859
100041
100223
100254
100322
100373
100467
100526
100530
100538
100611
100679
100690
100832
100891
100985
100993
101052
101146
101208
101306
101367
101431
101437
101454
101653
101863
101869
101886
102079
102268
102376
102399
102457
102638
102735
102746
102781
102843
102889
102897
103024
103042
103226
103402
103412
103537
103651
103774
103915
103936
104074
104228
104272
104382
104391
104482
104492
104536
104542
104552
104596
104636
104650
104690
104808
104856
104862
104863
104916
104952
104976
104984
105024
105055
105114
105132
105138
105240
105242
105434
105630
105826
105829
106022
106036
106081
106162
106218
106277
106331
106385
106507
106517
106518
106532
106542
106577
106607
106610
106642
108136
108356
108378
108576
108579
108592
108796
109016
109146
109326
109470
109650
109794
109974
110118
110298
110442
110622
110802
111054
111306
111558
111810
112062
112207
112221
112227
112233
112234
112235
112239
113509
113553
113630
113634
113707
113784
113811
113822
113823
113861
113866
