238
239
240
490
491
492
741
742
743
1007
1232
1511
1512
1513
1758
1759
1760
2151
2152
2153
2461
2462
2821
2822
3107
3108
3109
3438
3439
3440
3737
3738
3739
4013
4014
4015
4289
4290
4291
4513
4514
4515
4711
4712
4713
4856
5053
5054
5239
5240
5241
5458
5589
5590
5591
5722
5723
5724
5940
6237
6549
6861
7158
8824
8825
8826
9054
9055
9141
9142
9143
9425
9426
9427
9813
9814
9815
9983
10142
10143
10144
10295
10296
10297
10442
10518
10519
10520
10770
10771
10772
10959
10982
10983
10984
11234
11538
11539
11540
12026
12267
12554
12858
12859
12860
13346
13587
13851
13852
14014
14015
14016
14212
14213
14335
14336
14337
14695
14696
14697
14864
14865
14866
15185
15186
15187
15612
15613
15614
15936
15937
15938
16260
16261
16262
16584
16585
16586
17252
17525
17896
18632
19486
19578
19749
19750
19825
19826
19827
19993
19994
19995
20155
20156
20157
20215
20216
20217
20337
20338
20832
21063
21064
21065
21251
21252
21253
21350
21351
21352
21493
21494
21679
21768
21769
21770
22017
22018
22019
22307
22308
22309
22597
22598
22599
22887
22888
22889
23177
23178
23179
23421
23422
23423
23506
23507
23508
23594
23595
23596
23682
23683
23684
23770
23771
23772
23902
23903
23904
24046
24047
24048
24190
24191
24192
24330
24549
24550
24551
24765
24873
24874
24875
25257
25556
25739
25740
25741
25803
25988
26999
27249
27786
27787
27788
27918
27919
27920
28105
28106
28107
28292
28293
28294
28479
28480
28481
28666
28667
28668
28807
28808
29155
29156
29503
29504
29851
29852
30199
30200
30842
30843
30844
32407
32408
32409
33464
33465
33466
34295
34296
34297
34633
34634
34960
34961
34962
35139
35140
35141
35608
35609
35933
35934
36576
36577
36578
37275
37276
37820
38478
38479
38480
39177
39178
39218
39219
39478
39479
39480
39566
39910
39911
39912
40314
40315
40316
41408
41409
41410
41788
41789
41790
41868
41869
41958
41959
41960
42193
42294
42397
42477
42478
42479
42559
42773
42774
42775
43104
43105
43106
43403
43404
43405
43679
43680
43681
43932
43933
43934
44385
44386
44387
45178
45530
45531
45532
45933
45934
45935
46212
46778
46779
47038
47373
47698
47699
47700
48036
48037
48038
48374
48375
48376
48712
48713
48714
49050
49051
49052
49279
49280
49281
49513
49514
49515
49747
49748
49749
49981
49982
49983
50917
50918
50919
51790
51791
51792
54398
54399
54400
55069
55070
55071
57137
57138
57139
58048
58049
58050
58277
58278
58279
58533
58534
58535
58778
58779
58780
59034
59035
59036
59983
60075
60309
60310
60380
60609
61248
61503
61898
61899
61900
62034
62035
62036
62170
62171
62172
62306
62307
62308
62442
62443
62444
62486
62487
62488
63333
63463
63836
63837
63838
64097
64098
64099
64171
64172
64173
65042
65043
65411
65531
65779
66123
66814
67162
67513
67768
68353
68688
69019
69020
69429
69430
69431
69574
69575
70172
70173
70250
70599
70600
70601
70718
70719
71061
71062
71063
71319
71320
71321
71421
71422
71423
71642
71643
71644
71827
71828
71829
72003
72004
72005
72302
72303
72304
72602
72603
72604
72897
72898
73197
73198
73502
73503
73638
73639
73640
73858
73859
73860
74078
74079
74080
74298
74299
74300
74518
74519
74520
75350
75351
75499
76157
76158
76159
77041
77042
77043
77743
77744
77745
78289
78290
78291
79275
79276
79277
79479
79480
79869
79870
80183
80184
80546
80547
80879
80880
81418
81419
81420
81814
81815
81816
82100
82101
82102
82694
82695
82696
83046
83047
83048
83291
83292
83351
83352
83411
83412
83471
83472
83531
83532
83783
83899
84079
84080
84232
84233
84234
84539
84540
84541
84803
84804
84805
85067
85068
85069
85331
85332
85333
85595
85596
85597
85892
85893
85894
86288
86289
86290
86684
86685
86686
87080
87081
87082
87476
87477
87478
87799
87800
87801
87951
87952
87953
88124
88125
88126
88246
88247
88248
88674
88675
88676
88951
88952
89095
89096
89611
89612
89613
89715
89716
89717
89819
89820
89821
89923
89924
89925
90027
90028
90029
90414
90415
90416
91508
91509
91510
91888
91889
91890
93301
93302
93303
93434
93435
93436
93526
93527
93528
93733
93734
93735
93866
93867
93868
94050
94051
94052
94410
94411
94412
94770
94771
94772
95130
95131
95132
95490
95491
95492
95945
95946
95947
96298
96299
96300
97005
97006
97007
97467
97468
97469
97510
97511
97512
97743
97744
97808
97809
97810
97880
97881
97882
97952
97953
97954
98024
98025
98026
98096
98097
98098
98341
98342
98581
98582
98583
98830
98831
98832
99070
99071
99072
99310
99311
99312
99426
99427
99428
99608
99609
99610
99790
99791
99792
99972
99973
99974
100629
100630
100830
100908
100909
100910
101038
101039
101040
101169
101170
101171
101252
101340
101341
101342
101568
101569
102362
102363
102364
102524
102525
102526
103668
103669
103670
103992
103993
103994
104141
104142
104143
104339
104340
104420
104421
104422
104647
104753
104754
104755
104969
105077
105078
105079
105327
105328
105329
105524
105525
105995
105996
106201
106202
106270
106271
106272
106295
106296
106374
106375
106431
106709
106710
106711
106949
106950
106951
107189
107190
107191
107399
107400
107401
107609
107610
107611
107758
107759
107795
107796
107797
108036
108037
108038
108256
108257
108258
108476
108477
108478
108696
108697
108698
108916
108917
108918
109112
109113
109114
109467
109468
109791
109792
110084
110085
110086
110408
110409
110410
110912
110913
110914
111194
111195
111196
111446
111447
111448
111668
111669
111670
111920
111921
111922
112106
112107
112108
112185
112186
112187
112194
112195
112332
112333
112334
112598
112599
112600
112723
112724
112725
112966
112967
112968
113257
113258
113259
113620
113775
113776
113777
113851
113912
113913
114012
114013
114112
114113
114202
114203
114302
114303
