3335
3611
3887
4163
4439
4637
4835
5033
5231
5429
5441
5442
5443
5444
5450
5451
5452
5485
5496
5497
5498
5499
5504
5505
5506
5507
5508
5509
5510
5511
5513
5514
5515
5516
5517
5518
5606
5705
5740
6007
6037
6304
6334
6612
6616
6631
6796
6924
6928
7093
7221
7225
7375
7393
7489
7561
7645
7657
7753
7825
7921
8017
8085
8277
8281
8284
8342
8347
8353
8528
8542
8545
8743
8767
8774
8785
8787
8907
9139
9149
9150
9151
9152
9153
9154
9155
9156
9166
9167
9168
9169
9170
9171
9172
9173
9182
9183
9184
9185
9186
9187
9188
9189
9190
9203
9204
9205
9206
9218
9219
9220
9221
9222
9223
9235
9236
9237
9238
9239
9240
9251
9252
9253
9254
9255
9256
9257
9258
9270
9271
9272
9273
9274
9275
9287
9288
9289
9290
9291
9292
9304
9305
9306
9307
9308
9309
9321
9322
9323
9324
9325
9326
9338
9339
9340
9341
9342
9343
9354
9355
9356
9357
9358
9359
9360
9372
9373
9374
9375
9376
9377
9387
9388
9389
9390
9391
9392
9393
9394
9529
9552
9553
9573
9709
9862
10015
10032
10168
10206
10219
10287
10321
10338
10359
10372
10435
10440
10474
10600
10726
10852
10978
11104
11368
11632
11656
11896
12160
12424
12688
12952
12976
13216
13480
13744
13759
13774
13804
13849
13855
13856
13857
13858
13859
13860
13861
13862
13868
13869
13870
13871
13927
13928
13929
13930
13931
13932
13940
13941
13942
13943
13944
13945
13946
13947
13948
13949
13953
13954
13955
13956
13957
13958
13959
13960
13961
13962
13966
13967
13968
13969
13970
13971
13972
13973
13974
13975
13977
13978
13979
13994
14009
14039
14084
14099
14100
14101
14112
14113
14114
14115
14116
14126
14127
14128
14129
14130
14131
14139
14140
14141
14142
14143
14144
14196
14254
14290
14296
14524
14530
14764
14998
15180
15232
15336
15492
15816
16115
16140
16218
16376
16400
16442
16464
16551
16670
16724
16788
16875
16994
17048
17112
17434
17756
18078
18362
18400
18698
18722
18834
19002
19105
19107
19114
19310
19506
19702
19822
19942
20062
20173
20182
20302
20368
20479
20494
20500
20579
20580
20610
20698
20720
20773
20825
20874
20896
21094
21292
21293
21305
21306
21316
21317
21318
21357
21396
21409
21410
21411
21412
21420
21421
21422
21423
21424
21425
21433
21434
21435
21436
21437
21438
21441
21444
21445
21446
21447
21448
21449
21450
21457
21458
21459
21460
21467
21468
21518
21538
21578
21598
21640
21641
21644
21648
21688
21730
21740
21882
21887
21892
21897
21898
21899
21900
21901
21902
21903
21904
21905
21906
21907
21908
21909
21910
21911
21912
21913
21914
21915
21916
21917
21918
21919
21920
21921
21922
21923
21924
21925
21926
21927
21928
21929
21930
21931
21932
21933
21934
21935
21936
21937
21938
21939
21940
21941
21942
21943
21944
21945
21946
21947
21948
21949
21950
21951
21952
21953
21954
21955
22188
22189
22190
22191
22192
22193
22194
22195
22196
22197
22198
22199
22200
22201
22202
22203
22204
22205
22206
22207
22208
22209
22210
22211
22212
22213
22214
22215
22216
22217
22218
22219
22220
22221
22222
22223
22224
22225
22226
22227
22228
22229
22230
22231
22232
22233
22234
22235
22236
22237
22238
22239
22240
22241
22242
22243
22244
22245
22478
22479
22480
22481
22482
22483
22484
22485
22486
22487
22488
22489
22490
22491
22492
22493
22494
22495
22496
22497
22498
22499
22500
22501
22502
22503
22504
22505
22506
22507
22508
22509
22510
22511
22512
22513
22514
22515
22516
22517
22518
22519
22520
22521
22522
22523
22524
22525
22526
22527
22528
22529
22530
22531
22532
22533
22534
22535
22768
22769
22770
22771
22772
22773
22774
22775
22776
22777
22778
22779
22780
22781
22782
22783
22784
22785
22786
22787
22788
22789
22790
22791
22792
22793
22794
22795
22796
22797
22798
22799
22800
22801
22802
22803
22804
22805
22806
22807
22808
22809
22810
22811
22812
22813
22814
22815
22816
22817
22818
22819
22820
22821
22822
22823
22824
22825
23058
23059
23060
23061
23062
23063
23064
23065
23066
23067
23068
23069
23070
23071
23072
23073
23074
23075
23076
23077
23078
23079
23080
23081
23082
23083
23084
23085
23086
23087
23088
23089
23090
23091
23092
23093
23094
23095
23096
23097
23098
23099
23100
23101
23102
23103
23104
23105
23106
23107
23108
23109
23110
23111
23112
23113
23114
23115
23435
23523
23611
23699
23787
23883
23931
24027
24075
24219
24363
24507
24615
24656
24657
24663
24723
24783
24831
24849
24932
24939
25008
25037
25047
25048
25060
25061
25071
25072
25073
25125
25203
25229
25230
25231
25232
25233
25243
25244
25245
25246
25305
25385
25411
25412
25413
25414
25415
25425
25426
25427
25428
25487
25567
25593
25594
25606
25607
25617
25618
25619
25671
25736
25775
25844
25851
25925
25931
25957
26334
26544
26711
26740
26921
27088
27117
27298
27373
27465
27494
27675
27761
27842
36053
36108
36118
36248
36259
36269
36347
36402
36413
36553
36567
36648
36763
36774
36784
36789
36865
36922
36932
37062
37073
37083
37161
37205
37222
37314
37489
37498
37506
37520
37530
37535
37651
37728
37738
37746
37756
37878
37879
37955
37999
38004
38010
38015
38020
38083
38150
38161
38171
38249
38295
38304
38315
38455
38469
38550
38619
38656
38665
38676
38686
38691
38692
38693
38756
38767
38824
38837
38964
38975
38985
39063
39107
39124
39216
39274
39326
39352
39359
39494
39502
39588
39638
39645
39710
39741
39749
39788
39870
39920
39926
39928
39931
39951
40011
40047
40091
40132
40135
40171
40292
40311
40494
40511
40538
40611
40676
40691
40710
40711
40771
40807
40851
40893
40895
40931
41002
41052
41055
41071
41254
41271
41298
41371
41436
41451
41471
41531
41567
41654
41671
41698
41831
41922
41931
41932
41950
42028
42034
42075
42076
42082
42118
42135
42136
42142
42158
42163
42168
42220
42221
42234
42243
42245
42246
42247
42252
42256
42258
42259
42296
42340
42417
42494
42527
42562
42571
42604
42648
42703
42725
43001
43277
43553
43829
43967
44105
44258
44411
44555
44564
44717
44870
44871
44887
44888
44902
44903
44904
45006
45108
45142
45143
45144
45145
45146
45160
45161
45162
45163
45241
45346
45380
45397
45398
45412
45413
45414
45448
45516
45567
45635
45686
45720
45788
45839
45907
45958
45959
45975
45976
45990
45991
45992
46094
46196
46230
46286
46464
46689
46698
46760
46824
46923
46932
47166
47289
47344
47348
47400
47452
47556
47660
47738
47790
47894
48076
48414
48466
48570
48752
48908
49012
49090
58011
58430
58431
58963
59219
59317
59406
59408
59415
59527
59807
60003
60199
60229
60241
60297
60325
60383
60391
60423
60437
60466
60467
60471
60485
60489
60493
60497
60498
60499
60503
60507
60535
60549
60559
60563
60573
60577
60583
60585
60586
60587
60589
60590
60591
60650
60654
60689
60703
60712
60713
60717
60726
60727
60731
60758
60759
60825
60867
60914
60923
60927
60935
60941
60967
60992
60997
61015
61067
61082
61095
61144
61196
61210
61216
61217
61218
61219
61224
61232
61233
61235
61263
61277
61306
61311
61325
61329
61333
61337
61338
61339
61343
61347
61375
61389
61399
61403
61413
61417
61423
61425
61426
61427
61429
61430
61431
61490
61494
61529
61543
61552
61553
61557
61566
61567
61571
61598
61599
61665
61707
61754
61763
61767
62551
62656
62657
62674
62675
62681
62702
62899
62911
62915
63045
63062
63149
63383
63617
63877
63881
63892
64152
64156
64167
64427
64431
64442
64702
64706
64717
64977
64981
64992
65594
65595
65612
65652
65692
65792
65840
65852
65902
65903
65924
66016
66017
66019
66020
66094
66095
66196
66208
66209
66211
66212
66232
66294
66295
66312
66352
66392
66492
66514
66515
66520
66532
66600
66601
66603
66604
66678
66679
66699
66700
66792
66793
66795
66796
66870
66871
66877
66883
66891
66892
66939
66940
66942
66943
66952
66992
67032
67132
67179
67183
67192
67200
67206
67232
67257
67262
67280
67332
67347
67360
67409
67461
67475
67481
67482
67483
67484
67489
67497
67498
67500
67528
67542
67571
67576
67590
67594
67598
67602
67603
67604
67608
67612
67640
67654
67664
67668
67678
67682
67688
67690
67691
67692
67694
67695
67696
67755
67759
67794
67808
67817
67818
67822
67831
67832
67836
67864
67930
67972
68019
68028
68032
68038
68039
68040
68046
68061
68062
68072
68094
68095
68097
68102
68120
68172
68187
68200
68249
68301
68315
68321
68322
68323
68324
68329
68337
68338
68340
68368
68382
68416
68430
68434
68438
68442
68443
68444
68446
68447
68448
68452
68471
68480
68494
68504
68508
68518
68522
68523
68528
68530
68531
68532
68534
68535
68536
68539
68540
68541
68542
68576
68590
68595
68597
68598
68599
68603
68604
68634
68648
68657
68658
68662
68671
68672
68676
68704
68733
68734
68735
68736
68737
68738
68770
68812
68859
68868
68872
69104
69125
69225
69322
69333
69338
69554
69572
69806
69962
70040
70196
70241
70248
70269
70404
70466
70477
70482
70698
70716
70945
70950
71172
71174
71175
71184
72191
72329
72339
72491
72629
72639
72791
72859
72929
72939
73091
73159
73234
73239
73387
73391
73446
73524
73539
73759
73979
74045
74179
74192
74199
74419
74639
74640
74644
74645
74647
74648
74649
74650
74652
74653
74654
74655
74656
74657
74658
74659
74660
74661
74662
74663
74664
74668
74669
74671
74672
74673
74674
74676
74677
74678
74679
74680
74681
74682
74683
74684
74685
74686
74687
74688
74689
74690
74691
74692
74693
74694
74695
74696
74697
74700
74701
74702
74703
74704
74705
74706
74707
74708
74709
74710
74711
74712
74713
74714
74715
74716
74717
74718
74719
74720
74721
74722
74723
74724
74725
74726
74727
74728
74729
74730
74731
74732
74733
74734
74735
74736
74737
74738
74739
74740
74741
74742
74743
74744
74745
74746
74747
74748
74749
74753
74754
74755
74756
74757
74758
74759
74760
74762
74763
74764
74765
74766
74767
74768
74769
74770
74771
74773
74774
74775
74776
74777
74778
74779
74780
74781
74782
74783
74784
74785
74786
74787
74788
74789
74790
74791
74792
74793
74794
74795
74796
74797
74798
74799
74800
74801
74802
74803
74804
74805
74806
74807
74808
74809
74810
74811
74812
74813
74814
74815
74816
74820
74821
74823
74824
74825
74826
74828
74829
74830
74831
74832
74833
74834
74868
74970
74987
75083
75125
75132
75140
75293
75446
75599
75654
75655
75659
75660
75661
75668
75669
75670
75674
75675
75799
75800
75807
75825
75826
75833
75834
75835
75836
75837
75856
75857
75858
75859
75860
75861
75862
75863
75882
75883
75884
75885
75886
75887
75888
75889
75908
75909
75910
75911
75952
75953
75990
75991
75992
75993
76012
76013
76014
76015
76016
76017
76018
76019
76038
76039
76040
76041
76042
76043
76044
76045
76064
76065
76066
76067
76197
76223
76255
76256
76267
76268
76281
76282
76293
76294
76353
76439
76440
76444
76445
76465
76466
76470
76471
76487
76488
76489
76490
76491
76492
76496
76497
76501
76502
76503
76504
76505
76506
76706
76707
76750
76761
76762
76763
76776
76787
76788
76789
76955
76956
76957
76958
76959
76960
76964
76965
76969
76970
76971
76972
76973
76974
76990
76991
77016
77017
77107
77165
77180
77191
77204
77205
77206
77217
77230
77231
77232
77243
77244
77245
77246
77247
77254
77255
77256
77257
77258
77347
77348
77361
77362
77373
77374
77387
77388
77399
77400
77413
77414
77460
77461
77503
77504
77517
77518
77529
77530
77543
77544
77711
77712
77713
77714
77715
77722
77723
77724
77725
77726
77737
77752
77763
77778
77789
77804
77861
77864
77865
77866
77867
77868
77869
77870
77871
77872
77873
77874
77875
77876
77877
77878
77879
77880
77881
77964
77965
77968
77969
77970
77971
77972
77973
77974
77975
77976
77977
77978
77979
77980
77981
77982
77983
77984
77985
77986
77990
77991
77994
77995
77996
77997
77998
77999
78000
78001
78002
78003
78004
78005
78006
78007
78008
78009
78010
78011
78012
78016
78017
78042
78043
78068
78069
78094
78095
78100
78101
78102
78115
78116
78120
78121
78126
78127
78128
78141
78142
78146
78147
78152
78153
78154
78167
78168
78172
78173
78214
78215
78255
78256
78257
78258
78269
78270
78271
78272
78276
78277
78303
78328
78329
78354
78355
78380
78381
78406
78407
78408
78432
78433
78434
78458
78459
78460
78482
78483
78484
78485
78486
78508
78509
78510
78511
78512
78513
78514
78515
78516
78517
78518
78519
78520
78521
78522
78523
78524
78525
78526
78527
78528
78529
78530
78531
78532
78533
78534
78535
78536
78537
78538
78539
78540
78541
78542
78543
78544
78545
78546
78547
78548
78549
78550
78551
78552
78553
78554
78555
78556
78557
78558
78559
78560
78561
78562
78563
78564
78565
78566
78567
78568
78569
78570
78571
78572
78573
78574
78575
78576
78577
78578
78579
78580
78581
78582
78583
78584
78585
78586
78587
78588
78589
78590
78591
78592
78593
78594
78595
78596
78597
78598
78599
78600
78601
78602
78603
78604
78605
78606
78607
78608
78609
78610
78611
78612
78613
78614
78615
78616
78617
78618
78619
78620
78621
78622
78623
78624
78625
78626
78627
78628
78629
78630
78631
78632
78633
78634
78635
78636
78637
78638
78639
78640
78641
78642
78643
78644
78645
78646
78647
78648
78649
78650
78651
78652
78653
78654
78655
78656
78657
78658
78659
78660
78661
78662
78663
78664
78665
78666
78667
78668
78669
78694
78695
78716
78720
78721
78742
78746
78747
78751
78755
78756
78757
78761
78762
78763
78764
78768
78772
78773
78777
78781
78782
78783
78787
78788
78789
78790
78794
78798
78799
78803
78824
78825
78829
78845
78846
78850
78851
78855
78871
78872
78876
78877
78881
78882
78895
78896
78897
78898
78902
78903
78907
78908
78921
78922
78923
78924
78968
78969
79006
79007
79008
79009
79023
79024
79025
79026
79027
79031
79032
79033
79034
79035
79049
79057
79058
79059
79060
79061
79065
79066
79067
79068
79072
79073
79074
79075
79081
79082
79083
79084
79107
79108
79109
79110
79132
79133
79134
79135
79136
79158
79159
79160
79161
79162
79166
79167
79168
79169
79170
79171
79172
79176
79177
79178
79179
79180
79184
79185
79186
79187
79188
79192
79193
79194
79195
79196
79197
79198
79202
79203
79204
79205
79206
79210
79211
79212
79213
79214
79218
79219
79220
79221
79222
79223
79224
79228
79229
79230
79231
79232
79236
79237
79238
79239
79240
79244
79245
79246
79247
79248
79249
79250
79254
79255
79256
79257
79258
79265
79291
79317
79343
79367
79368
79369
79729
80097
80433
80766
81099
81100
81101
81102
81103
81104
81105
81109
81113
81117
81118
81119
81120
81121
81122
81123
81124
81125
81126
81127
81131
81135
81139
81140
81141
81142
81143
81149
81153
81157
81161
81171
81175
81179
81183
81187
81495
81517
81518
81519
81520
81521
81522
81523
81524
81525
81526
81527
81528
81529
81530
81531
81532
81533
81534
81535
81536
81537
81538
81539
81547
81548
81549
81553
81554
81555
81569
81570
81571
81575
81576
81577
81583
81591
81592
81593
81597
81598
81599
81605
81606
81607
81608
81609
81613
81614
81615
81619
81620
81621
81625
81626
81627
81869
81891
81892
81893
81894
81895
81896
81897
81898
81902
81903
81904
81908
81909
81910
81911
81912
81913
81924
81925
81926
81944
81945
81946
81947
81948
81957
81966
81967
81968
81969
81970
81979
81980
81981
81982
81983
81984
81985
81986
81987
81988
81989
81990
81991
81992
81993
81994
81995
81996
81997
81998
81999
82000
82001
82331
82357
82358
82359
82363
82367
82371
82375
82379
82380
82381
82385
82389
82393
82397
82398
82399
82400
82401
82402
82403
82405
82406
82407
82409
82410
82411
82413
82414
82415
82416
82417
82418
82419
82420
82421
82422
82423
82424
82425
82429
82433
82437
82438
82439
82440
82441
82442
82443
82444
82445
82446
82447
82451
82455
82459
82460
82461
82462
82463
82469
82473
82477
82481
82491
82495
82499
82503
82507
82749
82771
82772
82773
82774
82775
82776
82777
82778
82782
82783
82784
82788
82789
82790
82791
82792
82793
82804
82805
82806
82824
82825
82826
82827
82828
82837
82846
82847
82848
82849
82850
82859
82860
82861
82862
82863
82864
82868
82872
82876
82877
82878
82879
82880
82881
82882
82883
82884
82885
82886
82890
82894
82898
82899
82900
82901
82902
82903
82908
82912
82916
82920
82930
82934
82938
82942
82947
83189
83215
83216
83217
83221
83225
83229
83233
83237
83238
83239
83243
83247
83251
83255
83256
83257
83258
83259
83260
83261
83263
83264
83265
83267
83268
83269
83271
83272
83273
83274
83275
83276
83277
83337
83397
83457
83517
83577
83597
83611
83713
83730
83801
83849
83877
83883
83924
83934
84022
84036
84160
84163
84172
84257
84325
84457
84490
84491
84492
84493
84494
84495
84496
84497
84498
84499
84500
84501
84502
84513
84514
84515
84516
84517
84518
84519
84520
84521
84522
84523
84524
84525
84526
84527
84528
84529
84530
84531
84532
84533
84534
84535
84546
84547
84548
84549
84550
84551
84552
84553
84554
84555
84556
84557
84558
84559
84560
84561
84562
84563
84564
84565
84566
84567
84568
84577
84578
84579
84580
84581
84582
84583
84584
84585
84586
84587
84588
84589
84721
84754
84755
84756
84757
84758
84759
84760
84761
84762
84763
84764
84765
84766
84777
84778
84779
84780
84781
84782
84783
84784
84785
84786
84787
84788
84789
84790
84791
84792
84793
84794
84795
84796
84797
84798
84799
84810
84811
84812
84813
84814
84815
84816
84817
84818
84819
84820
84821
84822
84823
84824
84825
84826
84827
84828
84829
84830
84831
84832
84841
84842
84843
84844
84845
84846
84847
84848
84849
84850
84851
84852
84853
84985
85018
85019
85020
85021
85022
85023
85024
85025
85026
85027
85028
85029
85030
85041
85042
85043
85044
85045
85046
85047
85048
85049
85050
85051
85052
85053
85054
85055
85056
85057
85058
85059
85060
85061
85062
85063
85074
85075
85076
85077
85078
85079
85080
85081
85082
85083
85084
85085
85086
85087
85088
85089
85090
85091
85092
85093
85094
85095
85096
85105
85106
85107
85108
85109
85110
85111
85112
85113
85114
85115
85116
85117
85249
85282
85283
85284
85285
85286
85287
85288
85289
85290
85291
85292
85293
85294
85305
85306
85307
85308
85309
85310
85311
85312
85313
85314
85315
85316
85317
85318
85319
85320
85321
85322
85323
85324
85325
85326
85327
85338
85339
85340
85341
85342
85343
85344
85345
85346
85347
85348
85349
85350
85351
85352
85353
85354
85355
85356
85357
85358
85359
85360
85369
85370
85371
85372
85373
85374
85375
85376
85377
85378
85379
85380
85381
85513
85546
85547
85548
85549
85550
85551
85552
85553
85554
85555
85556
85557
85558
85569
85570
85571
85572
85573
85574
85575
85576
85577
85578
85579
85580
85581
85582
85583
85584
85585
85586
85587
85588
85589
85590
85591
85602
85603
85604
85605
85606
85607
85608
85609
85610
85611
85612
85613
85614
85615
85616
85617
85618
85619
85620
85621
85622
85623
85624
85633
85634
85635
85636
85637
85638
85639
85640
85641
85642
85643
85644
85645
85777
85810
85811
85812
85813
85814
85815
85816
85817
85818
85819
85820
85821
85822
85823
85824
85825
85829
85830
85831
85832
85833
85834
85835
85836
85837
85838
85839
85840
85841
85842
85843
85844
85845
85846
85847
85848
85849
85850
85851
85852
85853
85854
85855
85856
85857
85858
85862
85863
85864
85865
85866
85867
85868
85869
85870
85871
85872
85873
85874
85875
85876
85877
85878
85879
85880
85881
85882
85883
85884
85885
85886
85887
85888
85898
85899
85900
85901
85902
85903
85904
85905
85906
85907
85908
85909
85910
85911
85912
85913
85914
85915
85916
85917
85918
85919
85920
85921
85929
85930
85931
85932
85933
85934
85935
85936
85937
85938
85939
85940
85941
85942
85943
85944
85945
85946
85947
85948
85949
85950
85951
85952
85953
85954
85962
85963
85964
85965
85966
85967
85968
85969
85970
85971
85972
85973
85974
85975
85976
85977
85978
85979
85980
85981
85982
85983
85984
85985
85986
85987
85988
85989
85990
85994
85995
85996
85997
85998
85999
86000
86001
86002
86003
86004
86005
86006
86007
86008
86009
86010
86011
86012
86013
86014
86015
86016
86017
86018
86019
86020
86021
86022
86023
86025
86026
86027
86028
86029
86030
86031
86032
86033
86034
86035
86036
86037
86038
86039
86040
86041
86173
86206
86207
86208
86209
86210
86211
86212
86213
86214
86215
86216
86217
86218
86219
86220
86221
86225
86226
86227
86228
86229
86230
86231
86232
86233
86234
86235
86236
86237
86238
86239
86240
86241
86242
86243
86244
86245
86246
86247
86248
86249
86250
86251
86252
86253
86254
86258
86259
86260
86261
86262
86263
86264
86265
86266
86267
86268
86269
86270
86271
86272
86273
86274
86275
86276
86277
86278
86279
86280
86281
86282
86283
86284
86294
86295
86296
86297
86298
86299
86300
86301
86302
86303
86304
86305
86306
86307
86308
86309
86310
86311
86312
86313
86314
86315
86316
86317
86325
86326
86327
86328
86329
86330
86331
86332
86333
86334
86335
86336
86337
86338
86339
86340
86341
86342
86343
86344
86345
86346
86347
86348
86349
86350
86358
86359
86360
86361
86362
86363
86364
86365
86366
86367
86368
86369
86370
86371
86372
86373
86374
86375
86376
86377
86378
86379
86380
86381
86382
86383
86384
86385
86386
86390
86391
86392
86393
86394
86395
86396
86397
86398
86399
86400
86401
86402
86403
86404
86405
86406
86407
86408
86409
86410
86411
86412
86413
86414
86415
86416
86417
86418
86419
86421
86422
86423
86424
86425
86426
86427
86428
86429
86430
86431
86432
86433
86434
86435
86436
86437
86569
86602
86603
86604
86605
86606
86607
86608
86609
86610
86611
86612
86613
86614
86615
86616
86617
86621
86622
86623
86624
86625
86626
86627
86628
86629
86630
86631
86632
86633
86634
86635
86636
86637
86638
86639
86640
86641
86642
86643
86644
86645
86646
86647
86648
86649
86650
86654
86655
86656
86657
86658
86659
86660
86661
86662
86663
86664
86665
86666
86667
86668
86669
86670
86671
86672
86673
86674
86675
86676
86677
86678
86679
86680
86690
86691
86692
86693
86694
86695
86696
86697
86698
86699
86700
86701
86702
86703
86704
86705
86706
86707
86708
86709
86710
86711
86712
86713
86721
86722
86723
86724
86725
86726
86727
86728
86729
86730
86731
86732
86733
86734
86735
86736
86737
86738
86739
86740
86741
86742
86743
86744
86745
86746
86754
86755
86756
86757
86758
86759
86760
86761
86762
86763
86764
86765
86766
86767
86768
86769
86770
86771
86772
86773
86774
86775
86776
86777
86778
86779
86780
86781
86782
86786
86787
86788
86789
86790
86791
86792
86793
86794
86795
86796
86797
86798
86799
86800
86801
86802
86803
86804
86805
86806
86807
86808
86809
86810
86811
86812
86813
86814
86815
86817
86818
86819
86820
86821
86822
86823
86824
86825
86826
86827
86828
86829
86830
86831
86832
86833
86965
86998
86999
87000
87001
87002
87003
87004
87005
87006
87007
87008
87009
87010
87011
87012
87013
87017
87018
87019
87020
87021
87022
87023
87024
87025
87026
87027
87028
87029
87030
87031
87032
87033
87034
87035
87036
87037
87038
87039
87040
87041
87042
87043
87044
87045
87046
87050
87051
87052
87053
87054
87055
87056
87057
87058
87059
87060
87061
87062
87063
87064
87065
87066
87067
87068
87069
87070
87071
87072
87073
87074
87075
87076
87086
87087
87088
87089
87090
87091
87092
87093
87094
87095
87096
87097
87098
87099
87100
87101
87102
87103
87104
87105
87106
87107
87108
87109
87117
87118
87119
87120
87121
87122
87123
87124
87125
87126
87127
87128
87129
87130
87131
87132
87133
87134
87135
87136
87137
87138
87139
87140
87141
87142
87150
87151
87152
87153
87154
87155
87156
87157
87158
87159
87160
87161
87162
87163
87164
87165
87166
87167
87168
87169
87170
87171
87172
87173
87174
87175
87176
87177
87178
87182
87183
87184
87185
87186
87187
87188
87189
87190
87191
87192
87193
87194
87195
87196
87197
87198
87199
87200
87201
87202
87203
87204
87205
87206
87207
87208
87209
87210
87211
87213
87214
87215
87216
87217
87218
87219
87220
87221
87222
87223
87224
87225
87226
87227
87228
87229
87361
87394
87395
87396
87397
87398
87399
87400
87401
87402
87403
87404
87405
87406
87407
87408
87409
87413
87414
87415
87416
87417
87418
87419
87420
87421
87422
87423
87424
87425
87426
87427
87428
87429
87430
87431
87432
87433
87434
87435
87436
87437
87438
87439
87440
87441
87442
87446
87447
87448
87449
87450
87451
87452
87453
87454
87455
87456
87457
87458
87459
87460
87461
87462
87463
87464
87465
87466
87467
87468
87469
87470
87471
87472
87482
87483
87484
87485
87486
87487
87488
87489
87490
87491
87492
87493
87494
87495
87496
87497
87498
87499
87500
87501
87502
87503
87504
87505
87513
87514
87515
87516
87517
87518
87519
87520
87521
87522
87523
87524
87525
87526
87527
87528
87529
87530
87531
87532
87533
87534
87535
87536
87537
87538
87546
87547
87548
87549
87550
87551
87552
87553
87554
87555
87556
87557
87558
87559
87560
87561
87562
87563
87564
87565
87566
87567
87568
87569
87570
87571
87572
87573
87574
87578
87579
87580
87581
87582
87583
87584
87585
87586
87587
87588
87589
87590
87591
87592
87593
87594
87595
87596
87597
87598
87599
87600
87601
87602
87603
87604
87605
87606
87607
87609
87610
87611
87612
87613
87614
87615
87616
87617
87618
87619
87620
87621
87622
87623
87624
87625
87779
87933
88087
88143
88157
88227
88241
88297
88311
88325
88353
88381
88395
88629
88863
89079
89156
89228
89279
89295
89349
89424
89511
90051
90111
90147
90191
90235
90271
90342
90392
90395
90411
90594
90611
90638
90711
90776
90791
90810
90811
90871
90907
90951
90995
91031
91102
91152
91155
91171
91354
91371
91398
91471
91536
91551
91571
91631
91667
91754
91771
91798
91851
91931
92081
92099
92195
92267
92351
92363
92459
92627
92723
92791
92983
92987
92990
93048
93053
93059
93186
93234
93248
93251
94276
94636
94996
95356
95716
95717
95718
95719
95720
95721
95736
95737
95738
95756
95757
95758
95776
95777
95778
95795
95796
95797
95798
95814
95815
95816
95817
95818
95835
95836
95837
95854
95855
95856
95874
95875
95876
95893
95894
95895
95896
95915
95916
96037
96038
96039
96040
96046
96047
96048
96054
96055
96056
96057
96058
96059
96060
96061
96062
96063
96065
96066
96067
96068
96069
96070
96071
96072
96073
96074
96075
96076
96080
96081
96096
96116
96136
96154
96155
96156
96176
96197
96216
96236
96254
96255
96256
96275
96276
96378
96397
96398
96414
96415
96416
96417
96418
96434
96435
96436
96437
96438
96443
96461
96476
96496
96516
96534
96535
96536
96556
96576
96577
96596
96616
96634
96635
96636
96656
96758
96796
96816
96836
96855
96856
96874
96875
96876
96894
96895
96896
96914
96915
96916
96934
96935
96936
96955
96956
96975
96976
96994
96995
96996
97013
97014
97015
97016
97032
97033
97034
97035
97036
97050
97051
97052
97053
97054
97055
97056
97068
97076
97087
97088
97094
97095
97096
97097
97098
97100
97103
97104
97105
97106
97107
97108
97114
97115
97116
97117
97118
97119
97120
97121
97122
97123
97124
97125
97126
97127
97128
97129
97130
97131
97132
97133
97134
97135
97136
97137
97138
97139
97140
97141
97156
97157
97158
97159
97177
97178
97196
97197
97198
97215
97216
97217
97218
97234
97235
97236
97237
97238
97255
97256
97257
97274
97275
97276
97295
97296
97304
97305
97313
97314
97315
97316
97335
97336
97356
97436
97437
97438
97456
97457
97458
97459
97477
97478
97479
97495
97496
97529
97572
97573
97596
97597
97617
97650
97707
97710
97713
97733
97737
97738
97767
97774
97780
99508
99690
99872
100054
100120
100236
100270
100372
100389
100423
100448
100525
100528
100536
100542
100688
100695
100848
100991
101001
101061
101157
101217
101316
101376
101435
101452
101457
101673
101867
101884
101889
101970
102024
102085
102282
102397
102402
102645
102744
102753
102787
102861
102895
102915
103040
103224
103239
103410
103428
103541
103664
103779
103934
103941
104029
104095
104117
104183
104249
104389
104403
104491
104540
104550
104557
104601
104638
104653
104667
104711
104819
104860
104861
104867
104927
104987
105035
105053
105136
105143
105211
105240
105251
105349
105447
105545
105643
105827
105839
106035
106147
106231
106285
106447
106501
106521
106546
106581
106608
106611
106617
106647
108157
108377
108443
108577
108590
108597
108817
109037
109361
109505
109685
109829
110009
110333
110657
110837
111089
111341
111593
111845
112097
112233
112235
112236
112239
113519
113563
113567
113596
113632
113640
113662
113684
113717
113794
113820
113821
113864
113871
