1260
1290
1320
1350
1380
1410
1440
1470
1500
1530
1620
1650
1680
1710
1740
1770
1800
1830
1860
1890
1980
2010
2040
2070
2100
2130
2160
2190
2220
2250
2340
2370
2400
2430
2460
2490
2520
2550
2580
2610
2700
2730
2760
2790
2820
2850
2880
2910
2940
2970
3060
3083
3106
3129
3152
3175
3198
3221
3244
3267
3290
3313
3336
3359
3382
3405
3428
3451
3474
3497
3520
3543
3566
3589
3612
3635
3658
3681
3704
3727
3750
3773
3796
3819
3842
3865
3888
3911
3934
3957
3980
4003
4026
4049
4072
4095
4118
4141
4164
4187
4210
4233
4256
4279
4302
4325
4348
4371
4394
4417
4440
4462
4484
4506
4528
4550
4572
4594
4616
4638
4660
4682
4704
4726
4748
4770
4792
4814
4836
4858
4880
4902
4924
4946
4968
4990
5012
5034
5056
5078
5100
5122
5144
5166
5188
5210
5232
5254
5276
5298
5320
5342
5364
5386
5408
5430
5433
5436
5439
5442
5443
5444
5445
5446
5450
5451
5452
5453
5457
5461
5464
5475
5486
5497
5498
5499
5500
5501
5505
5506
5507
5508
5509
5510
5511
5512
5513
5515
5516
5517
5518
5519
5530
5541
5552
5563
5574
5585
5596
5607
5618
5629
5640
5651
5662
5673
5684
5695
5706
5711
5716
5721
5726
5731
5736
5741
5774
5807
5840
5873
5906
5939
5943
5972
5976
6005
6009
6038
6071
6104
6137
6170
6203
6236
6240
6269
6273
6302
6306
6335
6368
6401
6434
6467
6500
6533
6548
6552
6566
6581
6585
6599
6614
6618
6632
6665
6698
6731
6764
6797
6830
6860
6863
6893
6896
6926
6929
6962
6995
7028
7061
7094
7127
7157
7160
7190
7193
7223
7226
7250
7274
7298
7322
7346
7370
7377
7394
7418
7442
7466
7490
7514
7538
7562
7586
7610
7634
7647
7658
7682
7706
7730
7754
7778
7802
7826
7850
7854
7867
7874
7898
7922
7946
7970
7994
8018
8039
8042
8063
8066
8087
8090
8111
8114
8138
8162
8186
8207
8210
8231
8234
8255
8258
8279
8282
8286
8296
8301
8303
8306
8310
8320
8325
8327
8330
8334
8344
8349
8351
8354
8358
8378
8382
8402
8426
8450
8474
8498
8522
8530
8544
8546
8568
8590
8612
8634
8637
8656
8659
8671
8672
8678
8681
8693
8694
8700
8703
8722
8725
8744
8747
8754
8766
8769
8776
8787
8788
8803
8818
8833
8848
8863
8878
8893
8908
8937
8966
8995
9024
9053
9082
9111
9140
9149
9150
9151
9152
9153
9154
9155
9156
9157
9166
9167
9168
9169
9170
9171
9172
9173
9174
9183
9184
9185
9186
9187
9188
9189
9190
9191
9203
9204
9205
9206
9207
9208
9220
9221
9222
9223
9224
9225
9237
9238
9239
9240
9241
9242
9251
9252
9253
9254
9255
9256
9257
9258
9259
9270
9271
9272
9273
9274
9275
9276
9287
9288
9289
9290
9291
9292
9293
9304
9305
9306
9307
9308
9309
9310
9321
9322
9323
9324
9325
9326
9327
9338
9339
9340
9341
9342
9343
9344
9355
9356
9357
9358
9359
9360
9361
9372
9373
9374
9375
9376
9377
9378
9389
9390
9391
9392
9393
9394
9395
9416
9437
9458
9479
9500
9521
9531
9533
9542
9551
9552
9554
9555
9563
9573
9575
9584
9605
9626
9647
9668
9689
9710
9727
9744
9752
9761
9769
9778
9786
9795
9803
9812
9829
9846
9914
9931
9948
9965
9982
9999
10016
10033
10050
10067
10084
10101
10118
10135
10152
10169
10186
10203
10208
10216
10220
10225
10233
10237
10254
10271
10288
10305
10322
10339
10356
10361
10373
10378
10390
10395
10403
10407
10420
10424
10437
10441
10458
10475
10493
10511
10529
10547
10565
10583
10601
10619
10637
10655
10673
10691
10709
10727
10745
10763
10781
10799
10817
10835
10853
10871
10889
10907
10925
10943
10961
10979
10997
11015
11033
11051
11069
11087
11105
11129
11153
11177
11201
11225
11247
11249
11271
11273
11295
11297
11319
11321
11345
11369
11393
11417
11441
11465
11489
11513
11537
11561
11585
11609
11633
11657
11681
11686
11688
11705
11710
11712
11729
11753
11777
11801
11825
11849
11873
11897
11921
11945
11969
11993
12017
12039
12041
12063
12065
12087
12089
12113
12137
12161
12185
12209
12233
12255
12257
12279
12281
12305
12329
12353
12377
12401
12425
12449
12473
12497
12521
12545
12567
12569
12591
12593
12615
12617
12639
12641
12665
12689
12713
12737
12761
12785
12809
12833
12857
12881
12905
12929
12953
12977
13001
13006
13008
13025
13030
13032
13049
13073
13097
13121
13145
13169
13193
13217
13241
13265
13289
13313
13337
13359
13361
13383
13385
13407
13409
13433
13457
13481
13505
13529
13553
13575
13577
13599
13601
13625
13649
13673
13697
13721
13745
13755
13759
13760
13770
13774
13775
13785
13790
13800
13805
13815
13820
13835
13850
13855
13856
13857
13858
13859
13860
13861
13862
13863
13868
13869
13870
13871
13872
13873
13876
13889
13902
13915
13928
13929
13930
13931
13932
13933
13934
13941
13942
13943
13944
13945
13946
13947
13948
13949
13950
13951
13953
13954
13955
13956
13957
13958
13959
13960
13961
13962
13963
13964
13966
13967
13968
13969
13970
13971
13972
13973
13974
13975
13976
13977
13979
13980
13990
13994
13995
14005
14009
14010
14020
14025
14035
14040
14050
14055
14070
14085
14100
14101
14102
14103
14111
14114
14115
14116
14117
14118
14126
14127
14128
14129
14130
14131
14132
14133
14141
14142
14143
14144
14145
14156
14167
14178
14187
14189
14198
14200
14211
14222
14233
14244
14255
14260
14268
14269
14283
14292
14297
14320
14323
14346
14349
14375
14401
14427
14453
14479
14505
14526
14531
14557
14583
14609
14635
14661
14687
14713
14739
14765
14791
14817
14843
14869
14872
14895
14921
14947
14973
14999
15002
15025
15028
15051
15054
15077
15103
15129
15155
15181
15207
15233
15259
15285
15311
15337
15363
15389
15415
15441
15467
15493
15520
15547
15554
15574
15581
15601
15608
15628
15655
15682
15709
15718
15727
15736
15745
15754
15763
15790
15817
15844
15871
15885
15898
15925
15932
15952
15979
16006
16033
16036
16060
16063
16069
16073
16075
16078
16087
16090
16114
16117
16141
16168
16195
16220
16222
16249
16276
16303
16330
16336
16357
16366
16375
16378
16384
16393
16402
16411
16438
16444
16465
16492
16519
16526
16546
16553
16557
16573
16600
16627
16654
16663
16672
16681
16690
16699
16708
16717
16726
16735
16762
16789
16816
16843
16850
16870
16877
16881
16897
16924
16951
16978
16987
16996
17005
17014
17023
17032
17041
17050
17059
17086
17113
17159
17205
17251
17297
17343
17389
17435
17481
17527
17573
17619
17665
17711
17757
17803
17849
17895
17941
17987
18033
18079
18110
18125
18156
18171
18217
18263
18272
18309
18318
18355
18364
18401
18447
18493
18539
18585
18608
18631
18654
18677
18700
18723
18737
18751
18765
18779
18793
18807
18821
18835
18849
18863
18877
18891
18905
18919
18933
18947
18961
18975
18989
19003
19017
19031
19045
19059
19073
19087
19101
19107
19109
19115
19129
19143
19157
19171
19185
19199
19213
19227
19241
19249
19255
19263
19269
19277
19283
19297
19311
19325
19339
19353
19367
19381
19395
19409
19423
19437
19451
19453
19464
19465
19479
19493
19507
19521
19535
19549
19563
19577
19591
19605
19614
19619
19628
19633
19642
19647
19649
19661
19663
19675
19689
19703
19718
19733
19748
19763
19778
19793
19808
19823
19838
19853
19868
19883
19898
19913
19928
19943
19958
19973
19988
20003
20018
20033
20048
20063
20074
20078
20093
20108
20123
20138
20153
20160
20168
20175
20183
20198
20213
20228
20243
20258
20273
20288
20303
20311
20325
20347
20363
20364
20369
20391
20413
20435
20436
20457
20458
20479
20480
20481
20496
20501
20503
20504
20523
20525
20526
20545
20564
20567
20581
20582
20589
20595
20611
20617
20633
20639
20655
20677
20699
20703
20715
20721
20725
20743
20747
20753
20765
20769
20775
20787
20805
20809
20827
20831
20849
20853
20875
20897
20919
20941
20963
20985
21007
21029
21051
21073
21095
21096
21101
21117
21118
21139
21140
21161
21162
21183
21205
21227
21249
21271
21293
21294
21295
21299
21301
21305
21306
21307
21308
21312
21314
21318
21319
21332
21345
21358
21362
21368
21371
21384
21397
21410
21411
21412
21413
21414
21417
21420
21421
21422
21423
21424
21425
21426
21427
21430
21433
21434
21435
21436
21437
21438
21439
21440
21443
21446
21447
21448
21449
21450
21451
21452
21457
21458
21459
21460
21461
21462
21467
21468
21469
21479
21489
21499
21509
21519
21529
21539
21542
21549
21559
21566
21569
21576
21579
21589
21599
21609
21619
21629
21632
21636
21639
21642
21643
21646
21649
21657
21665
21673
21681
21689
21694
21699
21704
21708
21713
21718
21723
21727
21732
21737
21742
21746
21765
21784
21803
21822
21841
21846
21851
21856
21860
21865
21870
21875
21879
21884
21889
21894
21898
21899
21900
21901
21902
21903
21904
21905
21906
21907
21908
21909
21910
21911
21912
21913
21914
21915
21916
21917
21918
21919
21920
21921
21922
21923
21924
21925
21926
21927
21928
21929
21930
21931
21932
21933
21934
21935
21936
21937
21938
21939
21940
21941
21942
21943
21944
21945
21946
21947
21948
21949
21950
21951
21952
21953
21954
21955
22188
22189
22190
22191
22192
22193
22194
22195
22196
22197
22198
22199
22200
22201
22202
22203
22204
22205
22206
22207
22208
22209
22210
22211
22212
22213
22214
22215
22216
22217
22218
22219
22220
22221
22222
22223
22224
22225
22226
22227
22228
22229
22230
22231
22232
22233
22234
22235
22236
22237
22238
22239
22240
22241
22242
22243
22244
22245
22478
22479
22480
22481
22482
22483
22484
22485
22486
22487
22488
22489
22490
22491
22492
22493
22494
22495
22496
22497
22498
22499
22500
22501
22502
22503
22504
22505
22506
22507
22508
22509
22510
22511
22512
22513
22514
22515
22516
22517
22518
22519
22520
22521
22522
22523
22524
22525
22526
22527
22528
22529
22530
22531
22532
22533
22534
22535
22768
22769
22770
22771
22772
22773
22774
22775
22776
22777
22778
22779
22780
22781
22782
22783
22784
22785
22786
22787
22788
22789
22790
22791
22792
22793
22794
22795
22796
22797
22798
22799
22800
22801
22802
22803
22804
22805
22806
22807
22808
22809
22810
22811
22812
22813
22814
22815
22816
22817
22818
22819
22820
22821
22822
22823
22824
22825
23058
23059
23060
23061
23062
23063
23064
23065
23066
23067
23068
23069
23070
23071
23072
23073
23074
23075
23076
23077
23078
23079
23080
23081
23082
23083
23084
23085
23086
23087
23088
23089
23090
23091
23092
23093
23094
23095
23096
23097
23098
23099
23100
23101
23102
23103
23104
23105
23106
23107
23108
23109
23110
23111
23112
23113
23114
23115
23348
23359
23370
23381
23392
23403
23414
23425
23436
23447
23458
23469
23480
23491
23502
23513
23524
23535
23546
23557
23568
23579
23590
23601
23612
23623
23634
23645
23656
23667
23678
23689
23700
23711
23722
23733
23744
23755
23766
23777
23788
23797
23804
23820
23836
23842
23852
23868
23884
23900
23916
23932
23941
23948
23964
23980
23996
24012
24018
24028
24034
24044
24060
24076
24085
24092
24108
24124
24140
24156
24172
24188
24204
24220
24229
24236
24252
24268
24284
24300
24316
24332
24348
24364
24373
24380
24396
24412
24428
24444
24460
24476
24492
24508
24520
24532
24544
24556
24568
24580
24592
24604
24616
24622
24623
24628
24634
24635
24640
24646
24647
24652
24658
24659
24664
24670
24671
24676
24682
24683
24688
24700
24712
24724
24730
24736
24748
24760
24772
24780
24784
24796
24808
24820
24832
24839
24844
24851
24856
24868
24880
24892
24904
24910
24916
24922
24928
24934
24940
24952
24964
24976
24988
24991
24998
25000
25003
25010
25012
25015
25024
25027
25036
25039
25048
25049
25050
25060
25061
25062
25063
25073
25074
25087
25100
25113
25126
25139
25145
25152
25158
25165
25171
25178
25191
25204
25217
25230
25231
25232
25233
25234
25235
25243
25244
25245
25246
25247
25248
25256
25260
25269
25281
25282
25294
25295
25307
25308
25312
25320
25321
25325
25333
25334
25338
25346
25347
25359
25360
25373
25386
25399
25412
25413
25414
25415
25416
25417
25425
25426
25427
25428
25429
25430
25438
25442
25451
25463
25464
25476
25477
25489
25490
25494
25502
25503
25507
25515
25516
25520
25528
25529
25541
25542
25555
25568
25581
25594
25595
25596
25606
25607
25608
25609
25619
25620
25633
25646
25659
25672
25685
25691
25698
25704
25711
25724
25737
25750
25763
25776
25789
25802
25815
25820
25827
25828
25833
25840
25841
25846
25853
25854
25867
25871
25875
25880
25884
25888
25893
25901
25906
25914
25919
25927
25932
25945
25958
25987
26016
26020
26030
26045
26049
26074
26103
26132
26161
26178
26190
26219
26244
26248
26273
26277
26306
26335
26339
26364
26368
26393
26397
26407
26422
26426
26451
26473
26480
26502
26509
26538
26546
26555
26567
26575
26596
26604
26606
26621
26625
26650
26654
26683
26712
26716
26741
26745
26770
26774
26784
26799
26803
26828
26850
26857
26879
26886
26915
26923
26932
26944
26973
26983
26998
27002
27027
27031
27060
27089
27093
27118
27122
27147
27151
27161
27176
27180
27205
27227
27234
27256
27263
27281
27292
27300
27310
27321
27350
27360
27375
27379
27404
27408
27437
27466
27495
27524
27538
27553
27582
27604
27611
27619
27633
27640
27648
27669
27677
27686
27698
27727
27734
27737
27752
27756
27763
27781
27785
27814
36023
36055
36060
36097
36099
36101
36110
36112
36120
36122
36134
36171
36201
36238
36250
36252
36261
36263
36271
36273
36275
36312
36319
36349
36356
36393
36395
36397
36404
36406
36415
36417
36430
36467
36497
36534
36555
36557
36569
36571
36612
36689
36719
36756
36765
36767
36776
36778
36786
36788
36791
36793
36830
36837
36867
36874
36911
36913
36915
36924
36926
36934
36936
36948
36985
37015
37052
37064
37066
37075
37077
37085
37087
37089
37126
37133
37163
37170
37207
37209
37211
37224
37226
37278
37375
37425
37482
37491
37493
37500
37502
37508
37510
37522
37524
37532
37534
37537
37539
37596
37603
37653
37660
37717
37719
37721
37730
37732
37740
37742
37748
37750
37758
37760
37774
37831
37880
37881
37925
37957
37962
37999
38000
38001
38003
38006
38008
38012
38014
38017
38019
38022
38024
38036
38073
38085
38103
38140
38152
38154
38163
38165
38173
38175
38177
38214
38221
38251
38258
38295
38296
38297
38299
38306
38308
38317
38319
38332
38369
38399
38436
38457
38459
38471
38473
38514
38591
38621
38658
38667
38669
38678
38680
38688
38690
38693
38694
38695
38732
38739
38758
38769
38776
38813
38815
38817
38826
38828
38839
38841
38850
38887
38917
38954
38966
38968
38977
38979
38987
38989
38991
39028
39035
39065
39072
39109
39111
39113
39126
39128
39180
39217
39224
39230
39243
39256
39269
39276
39282
39295
39308
39321
39328
39334
39341
39347
39354
39360
39373
39386
39391
39399
39404
39409
39412
39417
39422
39425
39430
39435
39438
39451
39457
39464
39470
39477
39483
39490
39496
39503
39516
39529
39542
39555
39564
39568
39577
39581
39590
39594
39607
39614
39620
39627
39633
39640
39646
39659
39672
39685
39698
39711
39724
39730
39737
39743
39750
39763
39776
39789
39802
39815
39828
39833
39835
39841
39846
39848
39854
39859
39861
39867
39872
39874
39880
39893
39896
39904
39906
39909
39917
39919
39922
39928
39930
39932
39946
39952
39972
39992
40012
40032
40035
40037
40043
40045
40049
40051
40052
40072
40092
40112
40114
40117
40125
40132
40134
40137
40145
40165
40212
40214
40232
40241
40252
40272
40292
40294
40312
40326
40332
40346
40352
40366
40372
40392
40407
40412
40432
40439
40452
40472
40484
40492
40496
40504
40512
40532
40540
40543
40552
40563
40572
40592
40612
40632
40652
40672
40678
40692
40706
40712
40732
40752
40772
40792
40795
40797
40803
40805
40809
40811
40812
40832
40852
40872
40885
40892
40895
40897
40905
40912
40932
40952
40972
40992
41004
41012
41032
41037
41052
41054
41057
41072
41086
41092
41106
41112
41126
41132
41152
41167
41172
41192
41199
41212
41232
41244
41252
41256
41264
41272
41292
41300
41303
41312
41323
41332
41352
41372
41392
41412
41432
41438
41452
41466
41472
41492
41512
41532
41552
41555
41557
41563
41565
41569
41571
41572
41583
41585
41592
41612
41632
41636
41652
41656
41672
41692
41700
41703
41712
41720
41723
41732
41743
41752
41772
41792
41812
41832
41845
41858
41871
41884
41897
41910
41923
41924
41933
41934
41937
41938
41947
41948
41952
41966
41980
41993
41994
42007
42008
42016
42021
42022
42030
42035
42047
42059
42071
42077
42078
42083
42089
42090
42095
42102
42107
42114
42119
42126
42131
42137
42138
42143
42147
42152
42156
42160
42165
42169
42182
42195
42208
42221
42222
42223
42234
42235
42236
42241
42245
42247
42248
42249
42254
42258
42260
42269
42278
42287
42296
42298
42300
42302
42305
42314
42323
42332
42341
42352
42363
42374
42385
42396
42407
42418
42429
42440
42451
42462
42473
42484
42495
42506
42517
42528
42539
42550
42561
42564
42572
42583
42594
42605
42616
42627
42638
42649
42660
42671
42682
42693
42704
42715
42726
42749
42772
42795
42818
42841
42864
42887
42910
42933
42956
42979
43002
43025
43048
43071
43094
43117
43140
43163
43186
43209
43232
43255
43278
43301
43324
43347
43370
43393
43416
43439
43462
43485
43508
43531
43554
43568
43577
43591
43600
43614
43623
43637
43646
43660
43669
43692
43715
43738
43761
43784
43807
43830
43853
43876
43899
43922
43945
43968
43991
44014
44037
44060
44083
44106
44123
44140
44157
44174
44191
44208
44225
44242
44259
44265
44276
44293
44310
44327
44344
44361
44378
44395
44412
44421
44429
44438
44446
44455
44463
44480
44497
44514
44523
44531
44540
44548
44557
44565
44582
44599
44616
44633
44650
44667
44684
44701
44718
44735
44752
44769
44786
44803
44820
44837
44854
44871
44872
44873
44887
44888
44889
44890
44904
44905
44922
44939
44956
44973
44990
45007
45024
45030
45041
45047
45058
45064
45075
45092
45109
45126
45143
45144
45145
45146
45147
45148
45160
45161
45162
45163
45164
45165
45177
45181
45194
45209
45211
45226
45228
45243
45245
45249
45262
45266
45278
45279
45283
45295
45296
45312
45313
45330
45347
45364
45381
45398
45399
45400
45414
45415
45432
45449
45466
45483
45500
45517
45534
45551
45568
45585
45602
45619
45636
45653
45670
45687
45704
45721
45738
45755
45772
45789
45806
45823
45840
45857
45874
45891
45908
45925
45942
45959
45960
45961
45975
45976
45977
45978
45992
45993
46010
46022
46027
46039
46044
46061
46078
46095
46112
46118
46129
46135
46146
46152
46163
46180
46197
46214
46231
46234
46242
46254
46257
46283
46288
46309
46335
46361
46387
46413
46439
46465
46474
46491
46500
46517
46526
46543
46552
46561
46566
46569
46578
46587
46592
46595
46604
46613
46618
46621
46639
46647
46665
46673
46691
46699
46717
46725
46751
46762
46777
46803
46826
46829
46855
46866
46881
46907
46925
46933
46959
46985
47011
47037
47063
47089
47115
47141
47167
47193
47219
47242
47245
47268
47271
47291
47294
47297
47320
47323
47346
47349
47375
47401
47427
47453
47479
47505
47531
47557
47583
47609
47635
47661
47687
47713
47739
47765
47791
47817
47843
47869
47895
47921
47947
47973
47999
48025
48051
48077
48103
48129
48155
48181
48207
48233
48259
48285
48311
48337
48363
48389
48415
48441
48467
48493
48519
48545
48571
48597
48623
48649
48675
48701
48727
48753
48779
48805
48831
48857
48883
48909
48935
48961
48987
49013
49039
49065
57940
57957
57972
58004
58013
58036
58068
58100
58132
58164
58196
58228
58260
58292
58324
58356
58388
58420
58432
58433
58452
58484
58516
58548
58580
58612
58644
58676
58786
59220
59234
59248
59262
59276
59290
59304
59318
59332
59346
59360
59374
59388
59402
59408
59410
59416
59430
59444
59458
59472
59486
59500
59514
59528
59542
59556
59570
59584
59598
59612
59626
59640
59654
59668
59682
59696
59710
59724
59738
59752
59760
59766
59774
59780
59794
59808
59822
59836
59850
59864
59878
59892
59898
59906
59920
59934
59936
59948
59950
59961
59962
59976
59990
60004
60018
60032
60046
60060
60074
60088
60102
60111
60116
60125
60130
60139
60144
60146
60158
60160
60172
60186
60200
60214
60228
60231
60242
60245
60256
60259
60270
60284
60298
60312
60326
60333
60340
60347
60354
60368
60371
60379
60382
60385
60393
60396
60410
60424
60434
60438
60448
60452
60462
60466
60468
60469
60471
60472
60473
60476
60480
60485
60486
60487
60490
60491
60494
60499
60500
60501
60503
60504
60505
60508
60522
60524
60536
60538
60550
60552
60557
60559
60560
60561
60563
60564
60571
60573
60574
60575
60577
60578
60585
60587
60588
60589
60591
60592
60606
60620
60622
60633
60634
60636
60647
60648
60650
60651
60652
60654
60655
60656
60658
60659
60661
60662
60675
60676
60689
60690
60703
60704
60712
60713
60714
60715
60717
60718
60726
60727
60728
60729
60731
60732
60746
60760
60773
60774
60787
60788
60799
60801
60802
60813
60815
60816
60827
60829
60830
60841
60843
60844
60846
60855
60857
60858
60860
60869
60871
60872
60874
60885
60886
60888
60899
60900
60902
60914
60916
60925
60928
60929
60935
60936
60937
60942
60943
60956
60957
60959
60961
60969
60970
60984
60991
60992
60994
60998
61012
61017
61026
61040
61054
61068
61070
61082
61084
61096
61102
61108
61110
61124
61138
61146
61148
61152
61164
61165
61166
61180
61182
61194
61196
61198
61204
61208
61210
61211
61212
61218
61219
61220
61221
61222
61224
61225
61226
61232
61233
61234
61235
61236
61250
61264
61274
61278
61288
61292
61302
61306
61308
61311
61312
61313
61316
61320
61325
61326
61327
61330
61331
61334
61339
61340
61341
61343
61344
61345
61348
61362
61376
61390
61392
61397
61399
61400
61401
61403
61404
61411
61413
61414
61415
61417
61418
61425
61427
61428
61429
61431
61432
61446
61460
61462
61473
61474
61476
61487
61488
61490
61491
61492
61494
61495
61496
61498
61499
61501
61502
61516
61530
61544
61552
61553
61554
61555
61557
61558
61566
61567
61568
61569
61571
61572
61586
61600
61614
61628
61639
61641
61642
61653
61655
61656
61667
61669
61670
61681
61683
61684
61686
61695
61697
61698
61700
61709
61711
61712
61714
61725
61726
61728
61739
61740
61742
61754
61756
61765
61768
61776
61784
61792
61800
61808
61816
61824
61832
61840
61848
61856
61864
61872
61880
61888
61896
61904
61912
61920
61928
61936
61944
61952
61960
61968
61976
61984
61992
62000
62008
62016
62024
62032
62040
62048
62056
62064
62072
62080
62088
62096
62104
62112
62120
62128
62136
62144
62152
62160
62168
62176
62184
62192
62200
62208
62216
62224
62232
62240
62248
62256
62264
62272
62280
62288
62296
62304
62312
62320
62328
62336
62344
62352
62360
62368
62376
62384
62392
62400
62408
62416
62424
62432
62440
62448
62460
62471
62474
62497
62500
62526
62552
62578
62604
62630
62656
62657
62658
62659
62676
62677
62682
62704
62708
62734
62760
62766
62786
62812
62838
62849
62864
62875
62887
62890
62901
62913
62916
62942
62968
62994
63003
63012
63020
63029
63038
63046
63055
63064
63072
63098
63124
63150
63176
63202
63228
63254
63280
63306
63332
63358
63384
63410
63436
63462
63488
63514
63540
63566
63592
63618
63643
63668
63693
63718
63743
63768
63793
63818
63843
63868
63879
63883
63893
63918
63943
63968
63993
64018
64043
64068
64093
64118
64143
64154
64158
64168
64179
64183
64193
64218
64243
64268
64293
64318
64343
64368
64393
64418
64429
64433
64443
64454
64458
64468
64493
64518
64543
64568
64593
64618
64643
64668
64693
64704
64708
64718
64729
64733
64743
64768
64793
64818
64843
64868
64893
64918
64943
64968
64979
64983
65553
65554
65560
65569
65573
65574
65593
65594
65596
65597
65613
65614
65616
65617
65633
65634
65642
65653
65654
65673
65674
65693
65694
65696
65697
65713
65714
65726
65733
65734
65753
65754
65773
65774
65776
65777
65793
65794
65796
65797
65802
65813
65814
65822
65833
65834
65842
65853
65854
65877
65878
65901
65902
65904
65905
65925
65926
65928
65929
65949
65950
65952
65953
65973
65974
65997
65998
66018
66019
66021
66022
66042
66043
66045
66046
66066
66067
66069
66070
66090
66091
66093
66094
66096
66097
66114
66115
66117
66118
66120
66121
66141
66142
66144
66145
66150
66165
66166
66174
66189
66190
66198
66210
66211
66213
66214
66233
66234
66253
66254
66260
66269
66273
66274
66293
66294
66296
66297
66313
66314
66316
66317
66333
66334
66342
66353
66354
66373
66374
66393
66394
66396
66397
66413
66414
66426
66433
66434
66453
66454
66473
66474
66493
66494
66513
66514
66516
66517
66522
66533
66544
66557
66581
66602
66603
66605
66611
66612
66626
66627
66629
66630
66650
66651
66653
66654
66677
66678
66680
66681
66701
66702
66704
66705
66725
66726
66728
66729
66737
66749
66750
66752
66753
66773
66774
66776
66777
66794
66795
66797
66798
66818
66819
66821
66822
66837
66842
66843
66845
66846
66855
66861
66869
66870
66872
66873
66879
66885
66893
66913
66933
66941
66942
66944
66945
66953
66961
66962
66964
66965
66973
66993
67013
67033
67041
67042
67044
67045
67053
67073
67093
67113
67121
67122
67124
67125
67133
67141
67142
67144
67145
67153
67161
67165
67173
67181
67185
67193
67194
67200
67201
67202
67207
67208
67221
67222
67224
67226
67234
67235
67249
67256
67257
67259
67263
67277
67282
67291
67305
67319
67333
67335
67347
67349
67361
67367
67373
67375
67389
67403
67411
67413
67417
67429
67430
67431
67445
67447
67459
67461
67463
67469
67473
67475
67476
67477
67483
67484
67485
67486
67487
67489
67490
67491
67497
67498
67499
67500
67501
67515
67529
67539
67543
67553
67557
67567
67571
67573
67576
67577
67578
67581
67585
67590
67591
67592
67595
67596
67599
67604
67605
67606
67608
67609
67610
67613
67627
67641
67655
67657
67662
67664
67665
67666
67668
67669
67676
67678
67679
67680
67682
67683
67690
67692
67693
67694
67696
67697
67711
67725
67727
67738
67739
67741
67752
67753
67755
67756
67757
67759
67760
67761
67763
67764
67766
67767
67781
67795
67809
67817
67818
67819
67820
67822
67823
67831
67832
67833
67834
67836
67837
67851
67865
67879
67893
67904
67906
67907
67918
67920
67921
67932
67934
67935
67946
67948
67949
67951
67960
67962
67963
67965
67974
67976
67977
67979
67990
67991
67993
68004
68005
68007
68019
68021
68030
68033
68034
68040
68041
68042
68047
68048
68061
68062
68063
68064
68066
68074
68075
68089
68096
68097
68099
68103
68117
68122
68131
68145
68159
68173
68175
68187
68189
68201
68207
68213
68215
68229
68243
68251
68253
68257
68269
68270
68271
68285
68287
68299
68301
68303
68309
68313
68315
68316
68317
68323
68324
68325
68326
68327
68329
68330
68331
68337
68338
68339
68340
68341
68355
68369
68383
68397
68407
68411
68416
68417
68418
68421
68425
68430
68431
68432
68435
68436
68439
68444
68445
68446
68448
68449
68450
68453
68459
68463
68467
68473
68477
68481
68491
68495
68497
68502
68504
68505
68506
68508
68509
68511
68516
68518
68519
68520
68522
68523
68525
68530
68532
68533
68534
68536
68537
68539
68540
68541
68542
68543
68544
68551
68553
68565
68567
68578
68579
68581
68592
68593
68595
68596
68597
68599
68600
68601
68603
68604
68605
68606
68607
68621
68635
68649
68657
68658
68659
68660
68662
68663
68671
68672
68673
68674
68676
68677
68691
68705
68719
68733
68735
68736
68737
68738
68739
68740
68744
68746
68747
68758
68760
68761
68772
68774
68775
68786
68788
68789
68791
68800
68802
68803
68805
68814
68816
68817
68819
68830
68831
68833
68844
68845
68847
68859
68861
68870
68873
68902
68931
68960
68989
69018
69047
69076
69105
69127
69131
69157
69183
69189
69209
69215
69227
69235
69261
69272
69287
69298
69309
69313
69324
69335
69339
69365
69391
69417
69443
69452
69469
69478
69495
69504
69521
69530
69547
69556
69573
69589
69599
69615
69625
69651
69677
69703
69729
69755
69781
69807
69823
69833
69849
69859
69885
69911
69937
69963
69989
70015
70041
70067
70093
70119
70145
70171
70197
70223
70243
70249
70271
70275
70301
70327
70333
70353
70359
70379
70405
70416
70431
70442
70453
70457
70468
70479
70483
70509
70535
70561
70587
70613
70622
70639
70648
70665
70674
70691
70700
70717
70733
70743
70759
70769
70795
70821
70847
70873
70899
70921
70925
70947
70951
70966
70977
70992
71003
71029
71055
71081
71107
71122
71133
71148
71151
71159
71174
71176
71177
72040
72060
72080
72100
72120
72140
72160
72180
72189
72193
72200
72220
72231
72240
72251
72260
72271
72280
72291
72300
72311
72320
72331
72340
72360
72380
72400
72420
72440
72460
72480
72489
72493
72500
72520
72531
72540
72551
72560
72571
72580
72591
72600
72611
72620
72631
72640
72660
72680
72700
72720
72740
72760
72780
72789
72793
72800
72820
72831
72840
72851
72860
72871
72880
72891
72900
72911
72920
72931
72940
72960
72980
73000
73020
73040
73060
73080
73089
73093
73100
73120
73131
73140
73151
73160
73180
73196
73200
73216
73220
73236
73240
73260
73280
73300
73320
73340
73360
73380
73389
73393
73400
73420
73428
73440
73448
73460
73480
73486
73500
73506
73520
73526
73540
73562
73584
73606
73628
73650
73672
73694
73716
73738
73760
73782
73804
73826
73848
73870
73892
73914
73936
73958
73980
74002
74024
74046
74068
74090
74112
74134
74137
74150
74156
74159
74172
74178
74181
74194
74200
74222
74244
74266
74288
74310
74332
74354
74376
74398
74420
74442
74464
74486
74508
74530
74552
74574
74596
74618
74640
74641
74642
74644
74645
74646
74647
74649
74650
74651
74652
74654
74655
74656
74657
74658
74659
74660
74661
74662
74663
74664
74665
74666
74668
74669
74670
74671
74673
74674
74675
74676
74678
74679
74680
74681
74682
74683
74684
74685
74686
74687
74688
74689
74690
74691
74692
74693
74694
74695
74696
74697
74698
74700
74701
74702
74703
74704
74706
74707
74708
74709
74710
74712
74713
74714
74715
74716
74717
74718
74719
74720
74721
74722
74723
74724
74725
74726
74727
74728
74729
74730
74731
74732
74733
74734
74735
74736
74737
74738
74739
74740
74741
74742
74743
74744
74745
74746
74747
74748
74749
74750
74751
74753
74754
74755
74756
74757
74758
74759
74760
74761
74762
74764
74765
74766
74767
74768
74769
74770
74771
74772
74773
74775
74776
74777
74778
74779
74780
74781
74782
74783
74784
74785
74786
74787
74788
74789
74790
74791
74792
74793
74794
74795
74796
74797
74798
74799
74800
74801
74802
74803
74804
74805
74806
74807
74808
74809
74810
74811
74812
74813
74814
74815
74816
74817
74818
74820
74821
74822
74823
74825
74826
74827
74828
74830
74831
74832
74833
74834
74835
74852
74869
74886
74903
74920
74937
74954
74971
74988
74994
75005
75011
75022
75028
75039
75056
75073
75085
75090
75107
75110
75117
75124
75127
75134
75141
75146
75158
75163
75175
75180
75192
75209
75226
75243
75260
75277
75294
75311
75328
75345
75362
75379
75396
75413
75430
75447
75464
75481
75498
75515
75532
75549
75566
75583
75600
75613
75614
75626
75639
75640
75652
75654
75655
75656
75657
75659
75660
75661
75662
75663
75665
75666
75668
75669
75670
75671
75672
75674
75675
75676
75677
75678
75704
75730
75756
75763
75764
75769
75770
75775
75776
75782
75789
75790
75795
75796
75801
75802
75808
75815
75816
75821
75822
75827
75828
75834
75835
75836
75837
75838
75839
75841
75842
75853
75854
75856
75857
75858
75859
75860
75861
75862
75863
75864
75865
75867
75868
75879
75880
75882
75883
75884
75885
75886
75887
75888
75889
75890
75891
75893
75894
75905
75906
75908
75909
75910
75911
75948
75949
75954
75955
75990
75991
75992
75993
75994
75995
75997
75998
76009
76010
76012
76013
76014
76015
76016
76017
76018
76019
76020
76021
76023
76024
76035
76036
76038
76039
76040
76041
76042
76043
76044
76045
76046
76047
76049
76050
76061
76062
76064
76065
76066
76067
76068
76081
76082
76094
76107
76108
76120
76133
76134
76146
76150
76151
76168
76169
76172
76176
76177
76194
76195
76198
76202
76203
76220
76221
76224
76231
76232
76237
76238
76243
76244
76250
76257
76258
76263
76264
76269
76270
76276
76283
76284
76289
76290
76295
76296
76302
76328
76354
76380
76406
76432
76441
76442
76444
76445
76446
76447
76449
76450
76458
76467
76468
76470
76471
76472
76473
76475
76476
76484
76485
76487
76488
76489
76490
76491
76492
76493
76494
76496
76497
76498
76499
76501
76502
76503
76504
76505
76506
76507
76508
76510
76511
76536
76537
76562
76563
76588
76589
76591
76593
76594
76596
76607
76609
76610
76612
76614
76615
76617
76619
76620
76622
76633
76635
76636
76638
76640
76641
76643
76645
76646
76648
76659
76661
76662
76664
76702
76703
76708
76709
76744
76745
76747
76748
76750
76751
76752
76763
76764
76765
76767
76768
76770
76771
76773
76774
76776
76777
76778
76789
76790
76791
76793
76794
76796
76797
76822
76823
76848
76849
76874
76875
76900
76901
76926
76927
76952
76953
76955
76956
76957
76958
76959
76960
76961
76962
76964
76965
76966
76967
76969
76970
76971
76972
76973
76974
76975
76976
76978
76987
76988
76990
76991
76992
76993
76995
76996
77004
77013
77014
77016
77017
77018
77019
77021
77022
77030
77056
77082
77108
77134
77160
77165
77166
77167
77180
77181
77182
77186
77191
77192
77193
77206
77207
77208
77212
77214
77215
77217
77218
77219
77232
77233
77234
77236
77237
77238
77240
77241
77243
77244
77245
77246
77247
77248
77249
77251
77252
77254
77255
77256
77257
77258
77259
77260
77262
77263
77264
77266
77267
77288
77289
77290
77292
77293
77314
77315
77316
77318
77319
77340
77341
77342
77344
77345
77347
77348
77349
77350
77361
77362
77363
77364
77366
77367
77368
77370
77371
77373
77374
77375
77376
77387
77388
77389
77390
77392
77393
77394
77396
77397
77399
77400
77401
77402
77413
77414
77415
77416
77418
77419
77456
77457
77462
77463
77498
77500
77501
77503
77504
77505
77506
77517
77518
77519
77520
77522
77523
77524
77526
77527
77529
77530
77531
77532
77543
77544
77545
77546
77548
77549
77550
77552
77553
77574
77575
77576
77578
77579
77600
77601
77602
77604
77605
77626
77627
77628
77630
77631
77652
77653
77654
77656
77657
77678
77679
77680
77682
77683
77704
77705
77706
77708
77709
77711
77712
77713
77714
77715
77716
77717
77719
77720
77722
77723
77724
77725
77726
77727
77728
77730
77731
77732
77734
77735
77737
77738
77739
77752
77753
77754
77756
77757
77758
77763
77764
77765
77778
77779
77780
77784
77789
77790
77791
77804
77805
77806
77810
77836
77862
77864
77865
77866
77867
77868
77869
77870
77871
77872
77873
77874
77875
77876
77877
77878
77879
77880
77881
77882
77883
77888
77914
77940
77966
77968
77969
77970
77971
77972
77973
77974
77975
77976
77977
77978
77979
77980
77981
77982
77983
77984
77985
77986
77987
77988
77992
77994
77995
77996
77997
77998
77999
78000
78001
78002
78003
78004
78005
78006
78007
78008
78009
78010
78011
78012
78013
78014
78016
78017
78018
78020
78042
78043
78044
78046
78068
78069
78070
78072
78094
78095
78096
78098
78100
78101
78102
78103
78104
78115
78116
78117
78118
78120
78121
78122
78124
78126
78127
78128
78129
78130
78141
78142
78143
78144
78146
78147
78148
78150
78152
78153
78154
78155
78156
78167
78168
78169
78170
78172
78173
78210
78211
78216
78217
78252
78253
78255
78256
78257
78258
78259
78260
78271
78272
78273
78274
78276
78277
78278
78279
78303
78304
78305
78329
78330
78331
78355
78356
78357
78380
78381
78382
78383
78406
78407
78408
78409
78410
78432
78433
78434
78435
78436
78458
78459
78460
78461
78462
78484
78485
78486
78487
78488
78510
78511
78512
78513
78514
78515
78516
78517
78518
78519
78520
78521
78522
78523
78524
78525
78526
78527
78528
78529
78530
78531
78532
78533
78534
78535
78536
78537
78538
78539
78540
78541
78542
78543
78544
78545
78546
78547
78548
78549
78550
78551
78552
78553
78554
78555
78556
78557
78558
78559
78560
78561
78562
78563
78564
78565
78566
78567
78568
78569
78570
78571
78572
78573
78574
78575
78576
78577
78578
78579
78580
78581
78582
78583
78584
78585
78586
78587
78588
78589
78590
78591
78592
78593
78594
78595
78596
78597
78598
78599
78600
78601
78602
78603
78604
78605
78606
78607
78608
78609
78610
78611
78612
78613
78614
78615
78616
78617
78618
78619
78620
78621
78622
78623
78624
78625
78626
78627
78628
78629
78630
78631
78632
78633
78634
78635
78636
78637
78638
78639
78640
78641
78642
78643
78644
78645
78646
78647
78648
78649
78650
78651
78652
78653
78654
78655
78656
78657
78658
78659
78660
78661
78662
78663
78664
78665
78666
78667
78668
78669
78670
78671
78692
78694
78695
78696
78697
78718
78720
78721
78722
78723
78744
78746
78747
78748
78749
78751
78752
78753
78755
78756
78757
78758
78759
78761
78762
78763
78764
78765
78766
78768
78769
78770
78772
78773
78774
78775
78777
78778
78779
78781
78782
78783
78784
78785
78787
78788
78789
78790
78791
78792
78794
78795
78796
78798
78799
78800
78801
78803
78804
78805
78821
78822
78824
78825
78826
78827
78829
78830
78831
78847
78848
78850
78851
78852
78853
78855
78856
78857
78873
78874
78876
78877
78878
78879
78881
78882
78883
78884
78895
78896
78897
78898
78899
78900
78902
78903
78904
78905
78907
78908
78909
78910
78921
78922
78923
78924
78925
78926
78964
78965
78970
78971
79006
79007
79008
79009
79010
79011
79013
79014
79025
79026
79027
79028
79029
79032
79033
79034
79035
79036
79037
79039
79040
79051
79058
79059
79060
79061
79062
79063
79065
79066
79067
79068
79069
79070
79072
79073
79074
79075
79076
79077
79083
79084
79085
79086
79109
79110
79111
79112
79132
79133
79134
79135
79136
79137
79138
79158
79159
79160
79161
79162
79163
79164
79166
79167
79168
79169
79170
79171
79172
79173
79174
79176
79177
79178
79179
79180
79181
79182
79184
79185
79186
79187
79188
79189
79190
79192
79193
79194
79195
79196
79197
79198
79199
79200
79202
79203
79204
79205
79206
79207
79208
79210
79211
79212
79213
79214
79215
79216
79218
79219
79220
79221
79222
79223
79224
79225
79226
79228
79229
79230
79231
79232
79233
79234
79236
79237
79238
79239
79240
79241
79242
79244
79245
79246
79247
79248
79249
79250
79251
79252
79254
79255
79256
79257
79258
79259
79260
79262
79263
79265
79266
79291
79292
79317
79318
79343
79344
79369
79370
79406
79442
79478
79514
79550
79586
79622
79658
79694
79730
79776
79822
79868
79914
79960
80006
80052
80098
80126
80154
80182
80210
80238
80266
80294
80322
80350
80378
80406
80434
80471
80508
80545
80582
80619
80656
80693
80730
80767
80804
80841
80878
80915
80952
80989
81026
81063
81100
81101
81102
81103
81104
81105
81106
81107
81109
81110
81111
81113
81114
81115
81117
81118
81119
81120
81121
81122
81123
81124
81125
81126
81127
81128
81129
81131
81132
81133
81135
81136
81137
81139
81140
81141
81142
81143
81144
81149
81150
81151
81153
81154
81155
81157
81158
81159
81161
81162
81163
81166
81171
81172
81173
81175
81176
81177
81179
81180
81181
81183
81184
81185
81188
81210
81232
81254
81276
81298
81320
81342
81364
81386
81408
81430
81452
81474
81496
81518
81519
81520
81521
81522
81523
81524
81525
81526
81527
81528
81529
81530
81531
81532
81533
81534
81535
81536
81537
81538
81539
81540
81547
81548
81549
81550
81551
81553
81554
81555
81556
81557
81562
81569
81570
81571
81572
81573
81575
81576
81577
81578
81579
81584
81591
81592
81593
81594
81595
81597
81598
81599
81600
81601
81606
81607
81608
81609
81610
81611
81613
81614
81615
81616
81617
81619
81620
81621
81622
81623
81625
81626
81627
81628
81650
81672
81694
81716
81738
81760
81782
81804
81826
81848
81870
81892
81893
81894
81895
81896
81897
81898
81899
81900
81902
81903
81904
81905
81906
81908
81909
81910
81911
81912
81913
81914
81924
81925
81926
81927
81928
81936
81946
81947
81948
81949
81950
81958
81968
81969
81970
81971
81972
81980
81981
81982
81983
81984
81985
81986
81987
81988
81989
81990
81991
81992
81993
81994
81995
81996
81997
81998
81999
82000
82001
82002
82024
82046
82068
82090
82112
82134
82156
82178
82200
82222
82244
82266
82288
82310
82332
82354
82359
82360
82361
82363
82364
82365
82367
82368
82369
82371
82372
82373
82376
82381
82382
82383
82385
82386
82387
82389
82390
82391
82393
82394
82395
82398
82399
82400
82401
82402
82403
82404
82405
82407
82408
82409
82411
82412
82413
82415
82416
82417
82418
82419
82420
82421
82422
82423
82424
82425
82426
82427
82429
82430
82431
82433
82434
82435
82437
82438
82439
82440
82441
82442
82443
82444
82445
82446
82447
82448
82449
82451
82452
82453
82455
82456
82457
82459
82460
82461
82462
82463
82464
82469
82470
82471
82473
82474
82475
82477
82478
82479
82481
82482
82483
82486
82491
82492
82493
82495
82496
82497
82499
82500
82501
82503
82504
82505
82508
82530
82552
82574
82596
82618
82640
82662
82684
82706
82728
82750
82772
82773
82774
82775
82776
82777
82778
82779
82780
82782
82783
82784
82785
82786
82788
82789
82790
82791
82792
82793
82794
82804
82805
82806
82807
82808
82816
82826
82827
82828
82829
82830
82838
82848
82849
82850
82851
82852
82860
82861
82862
82863
82864
82865
82866
82868
82869
82870
82872
82873
82874
82876
82877
82878
82879
82880
82881
82882
82883
82884
82885
82886
82887
82888
82890
82891
82892
82894
82895
82896
82898
82899
82900
82901
82902
82903
82904
82908
82909
82910
82912
82913
82914
82916
82917
82918
82920
82921
82922
82926
82930
82931
82932
82934
82935
82936
82938
82939
82940
82942
82943
82944
82948
82970
82992
83014
83036
83058
83080
83102
83124
83146
83168
83190
83212
83217
83218
83219
83221
83222
83223
83225
83226
83227
83229
83230
83231
83234
83239
83240
83241
83243
83244
83245
83247
83248
83249
83251
83252
83253
83256
83257
83258
83259
83260
83261
83262
83263
83265
83266
83267
83269
83270
83271
83273
83274
83275
83276
83277
83278
83290
83302
83314
83326
83338
83350
83362
83374
83386
83398
83410
83422
83434
83446
83458
83470
83482
83494
83506
83518
83530
83542
83554
83566
83578
83582
83591
83595
83599
83608
83612
83629
83646
83663
83680
83697
83714
83731
83748
83765
83782
83786
83799
83803
83816
83833
83850
83867
83879
83884
83892
83901
83909
83918
83926
83935
83952
83969
83986
83990
84003
84007
84020
84024
84037
84054
84071
84088
84105
84122
84139
84156
84162
84165
84173
84190
84207
84224
84241
84258
84275
84292
84309
84326
84359
84392
84425
84458
84491
84492
84493
84494
84495
84496
84497
84498
84499
84500
84501
84502
84503
84504
84513
84514
84515
84516
84517
84518
84519
84520
84521
84522
84523
84524
84525
84526
84527
84528
84529
84530
84531
84532
84533
84534
84535
84536
84537
84546
84547
84548
84549
84550
84551
84552
84553
84554
84555
84556
84557
84558
84559
84560
84561
84562
84563
84564
84565
84566
84567
84568
84569
84570
84579
84580
84581
84582
84583
84584
84585
84586
84587
84588
84589
84590
84623
84656
84689
84722
84755
84756
84757
84758
84759
84760
84761
84762
84763
84764
84765
84766
84767
84768
84777
84778
84779
84780
84781
84782
84783
84784
84785
84786
84787
84788
84789
84790
84791
84792
84793
84794
84795
84796
84797
84798
84799
84800
84801
84810
84811
84812
84813
84814
84815
84816
84817
84818
84819
84820
84821
84822
84823
84824
84825
84826
84827
84828
84829
84830
84831
84832
84833
84834
84843
84844
84845
84846
84847
84848
84849
84850
84851
84852
84853
84854
84887
84920
84953
84986
85019
85020
85021
85022
85023
85024
85025
85026
85027
85028
85029
85030
85031
85032
85041
85042
85043
85044
85045
85046
85047
85048
85049
85050
85051
85052
85053
85054
85055
85056
85057
85058
85059
85060
85061
85062
85063
85064
85065
85074
85075
85076
85077
85078
85079
85080
85081
85082
85083
85084
85085
85086
85087
85088
85089
85090
85091
85092
85093
85094
85095
85096
85097
85098
85107
85108
85109
85110
85111
85112
85113
85114
85115
85116
85117
85118
85151
85184
85217
85250
85283
85284
85285
85286
85287
85288
85289
85290
85291
85292
85293
85294
85295
85296
85305
85306
85307
85308
85309
85310
85311
85312
85313
85314
85315
85316
85317
85318
85319
85320
85321
85322
85323
85324
85325
85326
85327
85328
85329
85338
85339
85340
85341
85342
85343
85344
85345
85346
85347
85348
85349
85350
85351
85352
85353
85354
85355
85356
85357
85358
85359
85360
85361
85362
85371
85372
85373
85374
85375
85376
85377
85378
85379
85380
85381
85382
85415
85448
85481
85514
85547
85548
85549
85550
85551
85552
85553
85554
85555
85556
85557
85558
85559
85560
85569
85570
85571
85572
85573
85574
85575
85576
85577
85578
85579
85580
85581
85582
85583
85584
85585
85586
85587
85588
85589
85590
85591
85592
85593
85602
85603
85604
85605
85606
85607
85608
85609
85610
85611
85612
85613
85614
85615
85616
85617
85618
85619
85620
85621
85622
85623
85624
85625
85626
85635
85636
85637
85638
85639
85640
85641
85642
85643
85644
85645
85646
85679
85712
85745
85778
85811
85812
85813
85814
85815
85816
85817
85818
85819
85820
85821
85822
85823
85824
85825
85826
85827
85829
85830
85831
85832
85833
85834
85835
85836
85837
85838
85839
85840
85841
85842
85843
85844
85845
85846
85847
85848
85849
85850
85851
85852
85853
85854
85855
85856
85857
85858
85859
85860
85862
85863
85864
85865
85866
85867
85868
85869
85870
85871
85872
85873
85874
85875
85876
85877
85878
85879
85880
85881
85882
85883
85884
85885
85886
85887
85888
85889
85890
85898
85899
85900
85901
85902
85903
85904
85905
85906
85907
85908
85909
85910
85911
85912
85913
85914
85915
85916
85917
85918
85919
85920
85921
85922
85923
85931
85932
85933
85934
85935
85936
85937
85938
85939
85940
85941
85942
85943
85944
85945
85946
85947
85948
85949
85950
85951
85952
85953
85954
85955
85956
85964
85965
85966
85967
85968
85969
85970
85971
85972
85973
85974
85975
85976
85977
85978
85979
85980
85981
85982
85983
85984
85985
85986
85987
85988
85989
85990
85991
85992
85994
85995
85996
85997
85998
85999
86000
86001
86002
86003
86004
86005
86006
86007
86008
86009
86010
86011
86012
86013
86014
86015
86016
86017
86018
86019
86020
86021
86022
86023
86024
86025
86027
86028
86029
86030
86031
86032
86033
86034
86035
86036
86037
86038
86039
86040
86041
86042
86075
86108
86141
86174
86207
86208
86209
86210
86211
86212
86213
86214
86215
86216
86217
86218
86219
86220
86221
86222
86223
86225
86226
86227
86228
86229
86230
86231
86232
86233
86234
86235
86236
86237
86238
86239
86240
86241
86242
86243
86244
86245
86246
86247
86248
86249
86250
86251
86252
86253
86254
86255
86256
86258
86259
86260
86261
86262
86263
86264
86265
86266
86267
86268
86269
86270
86271
86272
86273
86274
86275
86276
86277
86278
86279
86280
86281
86282
86283
86284
86285
86286
86294
86295
86296
86297
86298
86299
86300
86301
86302
86303
86304
86305
86306
86307
86308
86309
86310
86311
86312
86313
86314
86315
86316
86317
86318
86319
86327
86328
86329
86330
86331
86332
86333
86334
86335
86336
86337
86338
86339
86340
86341
86342
86343
86344
86345
86346
86347
86348
86349
86350
86351
86352
86360
86361
86362
86363
86364
86365
86366
86367
86368
86369
86370
86371
86372
86373
86374
86375
86376
86377
86378
86379
86380
86381
86382
86383
86384
86385
86386
86387
86388
86390
86391
86392
86393
86394
86395
86396
86397
86398
86399
86400
86401
86402
86403
86404
86405
86406
86407
86408
86409
86410
86411
86412
86413
86414
86415
86416
86417
86418
86419
86420
86421
86423
86424
86425
86426
86427
86428
86429
86430
86431
86432
86433
86434
86435
86436
86437
86438
86471
86504
86537
86570
86603
86604
86605
86606
86607
86608
86609
86610
86611
86612
86613
86614
86615
86616
86617
86618
86619
86621
86622
86623
86624
86625
86626
86627
86628
86629
86630
86631
86632
86633
86634
86635
86636
86637
86638
86639
86640
86641
86642
86643
86644
86645
86646
86647
86648
86649
86650
86651
86652
86654
86655
86656
86657
86658
86659
86660
86661
86662
86663
86664
86665
86666
86667
86668
86669
86670
86671
86672
86673
86674
86675
86676
86677
86678
86679
86680
86681
86682
86690
86691
86692
86693
86694
86695
86696
86697
86698
86699
86700
86701
86702
86703
86704
86705
86706
86707
86708
86709
86710
86711
86712
86713
86714
86715
86723
86724
86725
86726
86727
86728
86729
86730
86731
86732
86733
86734
86735
86736
86737
86738
86739
86740
86741
86742
86743
86744
86745
86746
86747
86748
86756
86757
86758
86759
86760
86761
86762
86763
86764
86765
86766
86767
86768
86769
86770
86771
86772
86773
86774
86775
86776
86777
86778
86779
86780
86781
86782
86783
86784
86786
86787
86788
86789
86790
86791
86792
86793
86794
86795
86796
86797
86798
86799
86800
86801
86802
86803
86804
86805
86806
86807
86808
86809
86810
86811
86812
86813
86814
86815
86816
86817
86819
86820
86821
86822
86823
86824
86825
86826
86827
86828
86829
86830
86831
86832
86833
86834
86867
86900
86933
86966
86999
87000
87001
87002
87003
87004
87005
87006
87007
87008
87009
87010
87011
87012
87013
87014
87015
87017
87018
87019
87020
87021
87022
87023
87024
87025
87026
87027
87028
87029
87030
87031
87032
87033
87034
87035
87036
87037
87038
87039
87040
87041
87042
87043
87044
87045
87046
87047
87048
87050
87051
87052
87053
87054
87055
87056
87057
87058
87059
87060
87061
87062
87063
87064
87065
87066
87067
87068
87069
87070
87071
87072
87073
87074
87075
87076
87077
87078
87086
87087
87088
87089
87090
87091
87092
87093
87094
87095
87096
87097
87098
87099
87100
87101
87102
87103
87104
87105
87106
87107
87108
87109
87110
87111
87119
87120
87121
87122
87123
87124
87125
87126
87127
87128
87129
87130
87131
87132
87133
87134
87135
87136
87137
87138
87139
87140
87141
87142
87143
87144
87152
87153
87154
87155
87156
87157
87158
87159
87160
87161
87162
87163
87164
87165
87166
87167
87168
87169
87170
87171
87172
87173
87174
87175
87176
87177
87178
87179
87180
87182
87183
87184
87185
87186
87187
87188
87189
87190
87191
87192
87193
87194
87195
87196
87197
87198
87199
87200
87201
87202
87203
87204
87205
87206
87207
87208
87209
87210
87211
87212
87213
87215
87216
87217
87218
87219
87220
87221
87222
87223
87224
87225
87226
87227
87228
87229
87230
87263
87296
87329
87362
87395
87396
87397
87398
87399
87400
87401
87402
87403
87404
87405
87406
87407
87408
87409
87410
87411
87413
87414
87415
87416
87417
87418
87419
87420
87421
87422
87423
87424
87425
87426
87427
87428
87429
87430
87431
87432
87433
87434
87435
87436
87437
87438
87439
87440
87441
87442
87443
87444
87446
87447
87448
87449
87450
87451
87452
87453
87454
87455
87456
87457
87458
87459
87460
87461
87462
87463
87464
87465
87466
87467
87468
87469
87470
87471
87472
87473
87474
87482
87483
87484
87485
87486
87487
87488
87489
87490
87491
87492
87493
87494
87495
87496
87497
87498
87499
87500
87501
87502
87503
87504
87505
87506
87507
87515
87516
87517
87518
87519
87520
87521
87522
87523
87524
87525
87526
87527
87528
87529
87530
87531
87532
87533
87534
87535
87536
87537
87538
87539
87540
87548
87549
87550
87551
87552
87553
87554
87555
87556
87557
87558
87559
87560
87561
87562
87563
87564
87565
87566
87567
87568
87569
87570
87571
87572
87573
87574
87575
87576
87578
87579
87580
87581
87582
87583
87584
87585
87586
87587
87588
87589
87590
87591
87592
87593
87594
87595
87596
87597
87598
87599
87600
87601
87602
87603
87604
87605
87606
87607
87608
87609
87611
87612
87613
87614
87615
87616
87617
87618
87619
87620
87621
87622
87623
87624
87625
87626
87640
87654
87668
87682
87696
87710
87724
87738
87752
87766
87780
87794
87808
87822
87836
87850
87864
87878
87892
87906
87920
87934
87948
87962
87976
87990
88004
88018
88032
88046
88060
88074
88088
88102
88116
88130
88144
88158
88172
88186
88200
88214
88228
88242
88256
88270
88284
88298
88312
88325
88326
88340
88354
88368
88382
88396
88414
88432
88450
88468
88486
88504
88522
88540
88558
88576
88594
88612
88630
88648
88666
88684
88702
88720
88738
88756
88761
88774
88792
88810
88828
88846
88864
88882
88900
88918
88936
88954
88972
88990
89008
89026
89044
89062
89080
89098
89116
89122
89134
89140
89152
89158
89170
89188
89192
89206
89224
89230
89242
89260
89263
89278
89281
89296
89314
89332
89350
89368
89386
89404
89422
89426
89440
89458
89476
89494
90032
90046
90052
90072
90092
90112
90132
90135
90137
90143
90145
90149
90151
90152
90172
90192
90212
90217
90225
90232
90237
90245
90252
90265
90272
90292
90312
90314
90332
90344
90352
90372
90377
90392
90394
90397
90412
90426
90432
90446
90452
90466
90472
90492
90507
90512
90532
90539
90552
90572
90584
90592
90596
90604
90612
90632
90640
90643
90652
90663
90672
90692
90712
90732
90752
90772
90778
90792
90806
90812
90832
90852
90872
90892
90895
90897
90903
90905
90909
90911
90912
90932
90952
90972
90977
90985
90992
90997
91005
91012
91025
91032
91052
91072
91074
91092
91104
91112
91132
91137
91152
91154
91157
91172
91186
91192
91206
91212
91226
91232
91252
91267
91272
91292
91299
91312
91332
91344
91352
91356
91364
91372
91392
91400
91403
91412
91423
91432
91452
91472
91492
91512
91532
91538
91552
91566
91572
91592
91612
91632
91652
91655
91657
91663
91665
91669
91671
91672
91683
91685
91692
91712
91732
91736
91752
91756
91772
91792
91800
91803
91812
91820
91832
91852
91872
91892
91912
91932
91956
91980
92004
92028
92052
92076
92083
92100
92124
92148
92172
92196
92220
92244
92268
92292
92316
92340
92353
92364
92388
92412
92436
92460
92484
92508
92532
92556
92560
92580
92604
92628
92652
92676
92700
92724
92745
92748
92769
92772
92793
92796
92817
92820
92844
92868
92892
92913
92916
92937
92940
92961
92964
92985
92988
92992
93002
93007
93009
93012
93016
93026
93031
93033
93036
93040
93050
93055
93057
93060
93064
93084
93088
93108
93132
93156
93180
93188
93204
93212
93228
93236
93250
93917
93947
93977
93978
94007
94008
94037
94038
94067
94068
94097
94098
94127
94128
94157
94158
94187
94188
94217
94247
94277
94307
94337
94338
94367
94368
94397
94398
94427
94428
94457
94458
94487
94488
94517
94518
94547
94548
94577
94607
94637
94667
94697
94698
94727
94728
94757
94758
94787
94788
94817
94818
94847
94848
94877
94878
94907
94908
94937
94967
94997
95027
95057
95058
95087
95088
95117
95118
95147
95148
95177
95178
95207
95208
95237
95238
95267
95268
95297
95327
95357
95387
95417
95418
95447
95448
95477
95478
95507
95508
95537
95538
95567
95568
95597
95598
95627
95628
95657
95687
95717
95718
95719
95720
95721
95722
95723
95737
95738
95739
95740
95757
95758
95759
95760
95776
95777
95778
95779
95780
95796
95797
95798
95799
95800
95816
95817
95818
95819
95820
95835
95836
95837
95838
95839
95855
95856
95857
95858
95875
95876
95894
95895
95896
95915
95916
96037
96039
96040
96041
96042
96048
96049
96050
96056
96057
96058
96059
96060
96061
96062
96063
96064
96065
96067
96068
96069
96070
96071
96072
96073
96074
96075
96076
96077
96078
96080
96081
96082
96083
96097
96098
96100
96117
96118
96120
96136
96137
96138
96156
96157
96158
96176
96177
96178
96192
96197
96198
96199
96217
96218
96256
96276
96380
96397
96399
96400
96416
96417
96418
96419
96420
96436
96437
96438
96439
96440
96443
96444
96445
96457
96458
96460
96463
96477
96478
96480
96497
96498
96500
96516
96517
96518
96536
96537
96538
96556
96557
96558
96572
96576
96577
96578
96579
96596
96597
96598
96616
96636
96656
96760
96836
96856
96876
96895
96896
96914
96915
96916
96934
96935
96936
96955
96956
96975
96976
96995
96996
97015
97016
97034
97035
97036
97052
97053
97054
97055
97056
97070
97076
97089
97090
97096
97097
97099
97100
97102
97105
97106
97107
97108
97109
97110
97116
97117
97118
97119
97120
97121
97122
97123
97124
97125
97126
97127
97128
97129
97130
97131
97132
97133
97134
97135
97136
97137
97138
97139
97140
97141
97142
97143
97157
97158
97159
97160
97161
97177
97178
97179
97180
97197
97198
97199
97200
97217
97218
97219
97220
97236
97237
97238
97239
97240
97255
97256
97257
97258
97259
97275
97276
97277
97278
97295
97296
97297
97298
97306
97307
97315
97316
97317
97318
97325
97326
97335
97336
97337
97338
97342
97343
97356
97357
97358
97362
97377
97397
97417
97437
97439
97440
97457
97459
97460
97461
97477
97478
97479
97480
97481
97497
97508
97519
97530
97538
97541
97552
97563
97574
97575
97585
97586
97596
97597
97598
97599
97607
97618
97629
97640
97651
97660
97669
97678
97687
97688
97696
97697
97705
97706
97709
97712
97714
97719
97724
97729
97734
97739
97740
97746
97753
97760
97767
97768
97769
97774
97775
97776
99341
99355
99369
99383
99397
99411
99425
99439
99453
99467
99481
99495
99509
99523
99537
99551
99565
99579
99593
99607
99621
99635
99649
99663
99677
99691
99699
99705
99713
99719
99727
99733
99741
99747
99761
99775
99789
99803
99817
99831
99845
99859
99873
99887
99901
99915
99929
99943
99957
99971
99985
99999
100013
100027
100041
100055
100069
100083
100097
100111
100122
100125
100139
100153
100167
100181
100195
100198
100209
100223
100237
100254
100271
100288
100305
100322
100339
100356
100373
100390
100395
100407
100412
100424
100441
100450
100458
100467
100475
100484
100492
100509
100513
100526
100530
100538
100543
100560
100577
100594
100611
100628
100645
100650
100662
100673
100679
100690
100696
100713
100730
100737
100747
100764
100781
100798
100815
100832
100849
100857
100866
100874
100883
100891
100900
100917
100934
100951
100959
100968
100976
100985
100993
101002
101012
101022
101032
101042
101052
101062
101074
101086
101098
101110
101122
101134
101146
101158
101168
101178
101188
101198
101208
101218
101229
101240
101251
101262
101273
101284
101295
101306
101317
101327
101337
101347
101357
101367
101377
101383
101400
101404
101410
101427
101431
101437
101454
101458
101464
101485
101491
101512
101518
101539
101545
101566
101572
101593
101599
101620
101626
101647
101653
101674
101680
101701
101707
101724
101728
101734
101751
101755
101761
101778
101782
101788
101805
101809
101815
101832
101836
101842
101859
101863
101869
101886
101890
101898
101917
101925
101944
101952
101971
101979
101998
102006
102014
102025
102033
102041
102052
102060
102068
102075
102079
102087
102095
102102
102106
102122
102129
102133
102149
102156
102160
102176
102183
102187
102203
102210
102214
102230
102237
102241
102257
102264
102268
102284
102291
102295
102318
102322
102345
102349
102372
102376
102399
102403
102430
102457
102484
102511
102519
102530
102538
102546
102557
102565
102573
102584
102592
102600
102611
102619
102627
102638
102646
102654
102665
102673
102681
102692
102700
102708
102719
102727
102735
102746
102754
102762
102781
102789
102808
102816
102835
102843
102862
102870
102889
102897
102916
102934
102943
102961
102970
102988
102997
103015
103024
103042
103051
103078
103091
103105
103118
103132
103145
103159
103172
103186
103199
103213
103226
103240
103267
103277
103294
103304
103321
103331
103348
103358
103375
103385
103402
103412
103429
103435
103456
103462
103483
103489
103510
103516
103537
103543
103564
103570
103591
103597
103618
103624
103639
103645
103651
103666
103672
103678
103693
103699
103705
103720
103726
103732
103747
103753
103774
103780
103801
103807
103828
103834
103855
103861
103882
103888
103909
103915
103936
103942
103946
103958
103964
103968
103980
103986
104008
104030
104052
104074
104096
104100
104118
104122
104140
104162
104184
104206
104228
104250
104272
104294
104316
104335
104338
104357
104360
104382
104391
104404
104407
104426
104448
104470
104476
104482
104492
104498
104514
104520
104530
104536
104542
104552
104558
104562
104574
104580
104584
104596
104602
104606
104618
104624
104628
104633
104636
104640
104646
104650
104655
104668
104690
104712
104724
104736
104748
104760
104772
104784
104796
104808
104820
104826
104827
104832
104838
104839
104844
104850
104851
104856
104862
104863
104868
104874
104875
104880
104886
104887
104892
104904
104916
104928
104934
104940
104952
104964
104976
104984
104988
105000
105012
105024
105036
105043
105048
105055
105060
105072
105084
105096
105108
105114
105120
105126
105132
105138
105144
105156
105168
105180
105192
105194
105201
105204
105206
105213
105216
105218
105228
105230
105240
105242
105252
105266
105280
105294
105308
105322
105336
105350
105364
105378
105392
105406
105420
105434
105448
105462
105476
105490
105492
105504
105506
105518
105532
105546
105550
105560
105574
105588
105602
105616
105630
105644
105658
105672
105686
105700
105714
105720
105728
105734
105742
105745
105748
105752
105756
105759
105762
105770
105773
105776
105784
105787
105790
105798
105801
105812
105815
105826
105829
105840
105854
105868
105882
105896
105910
105924
105938
105952
105966
105980
105994
106008
106022
106036
106041
106050
106064
106067
106078
106081
106092
106106
106120
106134
106148
106162
106176
106190
106204
106218
106232
106241
106250
106259
106268
106277
106286
106322
106331
106367
106376
106385
106394
106403
106412
106421
106430
106439
106448
106457
106466
106475
106484
106493
106502
106503
106507
106508
106512
106513
106517
106518
106522
106527
106532
106537
106542
106547
106549
106552
106557
106562
106567
106572
106577
106582
106585
106587
106592
106597
106602
106607
106610
106612
106618
106624
106630
106636
106642
107938
107960
107982
108004
108026
108048
108070
108092
108114
108136
108158
108180
108202
108224
108246
108268
108290
108312
108334
108356
108378
108400
108422
108444
108466
108488
108510
108532
108535
108548
108554
108557
108570
108576
108579
108592
108598
108620
108642
108664
108686
108708
108730
108752
108774
108796
108818
108840
108862
108884
108906
108928
108950
108972
108994
109016
109038
109074
109110
109146
109182
109218
109254
109290
109326
109362
109398
109434
109470
109506
109542
109578
109614
109650
109686
109722
109758
109794
109830
109866
109902
109938
109974
110010
110046
110082
110118
110154
110190
110226
110262
110298
110334
110370
110406
110442
110478
110514
110550
110586
110622
110658
110694
110730
110766
110802
110838
110874
110910
110946
110982
111018
111054
111090
111126
111162
111198
111234
111270
111306
111342
111378
111414
111450
111486
111522
111558
111594
111630
111666
111702
111738
111774
111810
111846
111882
111918
111954
111990
112026
112062
112105
112207
112221
112222
112227
112228
112233
112234
112235
112237
112239
112240
112241
112243
112249
113487
113498
113509
113520
113528
113531
113542
113553
113564
113569
113575
113586
113597
113608
113616
113619
113630
113634
113641
113646
113652
113663
113674
113676
113685
113696
113707
113718
113729
113740
113751
113762
113773
113784
113795
113800
113806
113811
113817
113822
113823
113828
113835
113839
113850
113861
113866
