1289
1319
1349
1379
1409
1439
1469
1499
1529
1559
1649
1679
1709
1739
1769
1799
1829
1859
1889
1919
2009
2039
2069
2099
2129
2159
2189
2219
2249
2279
2369
2399
2429
2459
2489
2519
2549
2579
2609
2639
2729
2759
2789
2819
2849
2879
2909
2939
2969
2999
3082
3105
3128
3151
3174
3197
3220
3243
3266
3289
3312
3335
3358
3381
3404
3427
3450
3473
3496
3519
3542
3565
3588
3611
3634
3657
3680
3703
3726
3749
3772
3795
3818
3841
3864
3887
3910
3933
3956
3979
4002
4025
4048
4071
4094
4117
4140
4163
4186
4209
4232
4255
4278
4301
4324
4347
4370
4393
4416
4439
4461
4483
4505
4527
4549
4571
4593
4615
4637
4659
4681
4703
4725
4747
4769
4791
4813
4835
4857
4879
4901
4923
4945
4967
4989
5011
5033
5055
5077
5099
5121
5143
5165
5187
5209
5231
5253
5275
5297
5319
5341
5363
5385
5407
5429
5432
5435
5438
5441
5442
5443
5444
5448
5449
5450
5451
5452
5455
5459
5463
5474
5485
5496
5497
5498
5499
5503
5504
5505
5506
5507
5508
5509
5510
5511
5513
5514
5515
5516
5517
5518
5529
5540
5551
5562
5573
5584
5595
5606
5617
5628
5639
5650
5661
5672
5683
5694
5705
5710
5715
5720
5725
5730
5735
5740
5773
5806
5839
5872
5905
5938
5941
5971
5974
6004
6007
6037
6070
6103
6136
6169
6202
6235
6238
6268
6271
6301
6304
6334
6367
6400
6433
6466
6499
6532
6546
6550
6565
6579
6583
6598
6612
6616
6631
6664
6697
6730
6763
6796
6829
6858
6862
6891
6895
6924
6928
6961
6994
7027
7060
7093
7126
7155
7159
7188
7192
7221
7225
7249
7273
7297
7321
7345
7369
7375
7393
7417
7441
7465
7489
7513
7537
7561
7585
7609
7633
7645
7657
7681
7705
7729
7753
7777
7801
7825
7849
7852
7865
7873
7897
7921
7945
7969
7993
8017
8037
8041
8061
8065
8085
8089
8109
8113
8137
8161
8185
8205
8209
8229
8233
8253
8257
8277
8281
8284
8294
8299
8301
8305
8308
8318
8323
8325
8329
8332
8342
8347
8349
8353
8356
8377
8380
8401
8425
8449
8473
8497
8521
8528
8542
8545
8566
8567
8588
8589
8611
8633
8635
8655
8657
8669
8670
8677
8679
8691
8692
8699
8701
8721
8723
8743
8745
8752
8765
8767
8774
8785
8787
8802
8817
8832
8847
8862
8877
8892
8907
8936
8965
8994
9023
9052
9081
9110
9139
9147
9148
9149
9150
9151
9152
9153
9154
9155
9156
9164
9165
9166
9167
9168
9169
9170
9171
9172
9173
9181
9182
9183
9184
9185
9186
9187
9188
9189
9190
9201
9202
9203
9204
9205
9206
9218
9219
9220
9221
9222
9223
9235
9236
9237
9238
9239
9240
9249
9250
9251
9252
9253
9254
9255
9256
9257
9258
9268
9269
9270
9271
9272
9273
9274
9275
9285
9286
9287
9288
9289
9290
9291
9292
9302
9303
9304
9305
9306
9307
9308
9309
9319
9320
9321
9322
9323
9324
9325
9326
9336
9337
9338
9339
9340
9341
9342
9343
9353
9354
9355
9356
9357
9358
9359
9360
9370
9371
9372
9373
9374
9375
9376
9377
9387
9388
9389
9390
9391
9392
9393
9394
9415
9436
9457
9478
9499
9520
9529
9531
9541
9549
9550
9552
9553
9562
9571
9573
9583
9604
9625
9646
9667
9688
9709
9726
9743
9750
9760
9767
9777
9784
9794
9801
9811
9828
9845
9862
9879
9896
9913
9930
9947
9964
9981
9998
10015
10032
10049
10066
10083
10100
10117
10134
10151
10168
10185
10202
10206
10214
10219
10223
10231
10236
10253
10270
10287
10304
10321
10338
10355
10359
10372
10376
10389
10393
10401
10406
10418
10423
10435
10440
10457
10474
10492
10510
10528
10546
10564
10582
10600
10618
10636
10654
10672
10690
10708
10726
10744
10762
10780
10798
10816
10834
10852
10870
10888
10906
10924
10942
10960
10978
10996
11014
11032
11050
11068
11086
11104
11128
11152
11176
11200
11224
11245
11248
11269
11272
11293
11296
11317
11320
11344
11368
11392
11416
11440
11464
11488
11512
11536
11560
11584
11608
11632
11656
11680
11684
11686
11704
11708
11710
11728
11752
11776
11800
11824
11848
11872
11896
11920
11944
11968
11992
12016
12037
12040
12061
12064
12085
12088
12112
12136
12160
12184
12208
12232
12253
12256
12277
12280
12304
12328
12352
12376
12400
12424
12448
12472
12496
12520
12544
12565
12568
12589
12592
12613
12616
12637
12640
12664
12688
12712
12736
12760
12784
12808
12832
12856
12880
12904
12928
12952
12976
13000
13004
13006
13024
13028
13030
13048
13072
13096
13120
13144
13168
13192
13216
13240
13264
13288
13312
13336
13357
13360
13381
13384
13405
13408
13432
13456
13480
13504
13528
13552
13573
13576
13597
13600
13624
13648
13672
13696
13720
13744
13753
13757
13758
13759
13768
13772
13773
13774
13783
13788
13789
13798
13803
13804
13813
13819
13834
13849
13853
13854
13855
13856
13857
13858
13859
13860
13861
13862
13866
13867
13868
13869
13870
13871
13875
13888
13901
13914
13927
13928
13929
13930
13931
13932
13940
13941
13942
13943
13944
13945
13946
13947
13948
13949
13951
13952
13953
13954
13955
13956
13957
13958
13959
13960
13961
13962
13964
13965
13966
13967
13968
13969
13970
13971
13972
13973
13974
13975
13977
13978
13979
13988
13992
13993
13994
14003
14007
14008
14009
14018
14023
14024
14033
14038
14039
14048
14054
14069
14084
14099
14100
14101
14109
14112
14113
14114
14115
14116
14124
14125
14126
14127
14128
14129
14130
14131
14139
14140
14141
14142
14143
14144
14155
14166
14177
14185
14188
14196
14199
14210
14221
14232
14243
14254
14258
14266
14268
14282
14290
14296
14318
14322
14344
14348
14374
14400
14426
14452
14478
14504
14524
14530
14556
14582
14608
14634
14660
14686
14712
14738
14764
14790
14816
14842
14868
14870
14894
14920
14946
14972
14998
15000
15024
15026
15050
15052
15076
15102
15128
15154
15180
15206
15232
15258
15284
15310
15336
15362
15388
15414
15440
15466
15492
15519
15546
15552
15573
15579
15600
15606
15627
15654
15681
15708
15716
15725
15735
15743
15752
15762
15789
15816
15843
15870
15883
15897
15924
15930
15951
15978
16005
16032
16034
16059
16061
16067
16071
16073
16076
16086
16088
16113
16115
16140
16167
16194
16218
16221
16248
16275
16302
16329
16334
16356
16364
16373
16376
16383
16391
16400
16410
16437
16442
16464
16491
16518
16524
16545
16551
16555
16572
16599
16626
16653
16661
16670
16680
16688
16697
16707
16715
16724
16734
16761
16788
16815
16842
16848
16869
16875
16879
16896
16923
16950
16977
16985
16994
17004
17012
17021
17031
17039
17048
17058
17085
17112
17158
17204
17250
17296
17342
17388
17434
17480
17526
17572
17618
17664
17710
17756
17802
17848
17894
17940
17986
18032
18078
18108
18124
18154
18170
18216
18262
18270
18308
18316
18354
18362
18400
18446
18492
18538
18584
18606
18630
18652
18676
18698
18722
18736
18750
18764
18778
18792
18806
18820
18834
18848
18862
18876
18890
18932
18946
18960
18974
18988
19002
19016
19030
19044
19058
19072
19086
19100
19105
19107
19114
19128
19142
19156
19170
19184
19198
19212
19226
19240
19247
19254
19261
19268
19275
19282
19296
19310
19324
19338
19352
19366
19380
19394
19408
19422
19436
19450
19451
19462
19464
19478
19492
19506
19520
19534
19548
19562
19576
19590
19604
19612
19618
19626
19632
19640
19646
19647
19660
19661
19674
19688
19702
19717
19732
19747
19762
19777
19792
19807
19822
19837
19852
19867
19882
19897
19912
19927
19942
19957
19972
19987
20002
20017
20032
20047
20062
20072
20077
20092
20107
20122
20137
20152
20158
20167
20173
20182
20197
20212
20227
20242
20257
20272
20287
20302
20309
20323
20324
20346
20361
20362
20368
20390
20412
20434
20456
20478
20479
20494
20500
20501
20502
20522
20523
20524
20544
20562
20566
20579
20580
20588
20593
20610
20615
20632
20637
20654
20676
20698
20701
20713
20720
20723
20742
20745
20751
20764
20767
20773
20786
20803
20808
20825
20830
20847
20852
20874
20896
20918
20940
20962
20984
21006
21028
21050
21072
21094
21099
21116
21138
21160
21182
21204
21226
21248
21270
21292
21293
21297
21299
21303
21304
21305
21306
21310
21312
21316
21317
21318
21331
21344
21357
21360
21366
21370
21383
21396
21409
21410
21411
21412
21415
21418
21419
21420
21421
21422
21423
21424
21425
21428
21431
21432
21433
21434
21435
21436
21437
21438
21441
21444
21445
21446
21447
21448
21449
21450
21455
21456
21457
21458
21459
21460
21465
21466
21467
21468
21478
21488
21498
21508
21518
21528
21538
21540
21548
21558
21564
21568
21574
21578
21588
21598
21608
21618
21628
21630
21634
21638
21640
21641
21644
21648
21656
21664
21672
21680
21688
21692
21697
21702
21707
21711
21716
21721
21726
21730
21735
21740
21745
21764
21783
21802
21821
21840
21844
21849
21854
21859
21863
21868
21873
21878
21882
21887
21892
21897
21898
21899
21900
21901
21902
21903
21904
21905
21906
21907
21908
21909
21910
21911
21912
21913
21914
21915
21916
21917
21918
21919
21920
21921
21922
21923
21924
21925
21926
21927
21928
21929
21930
21931
21932
21933
21934
21935
21936
21937
21938
21939
21940
21941
21942
21943
21944
21945
21946
21947
21948
21949
21950
21951
21952
21953
21954
21955
22188
22189
22190
22191
22192
22193
22194
22195
22196
22197
22198
22199
22200
22201
22202
22203
22204
22205
22206
22207
22208
22209
22210
22211
22212
22213
22214
22215
22216
22217
22218
22219
22220
22221
22222
22223
22224
22225
22226
22227
22228
22229
22230
22231
22232
22233
22234
22235
22236
22237
22238
22239
22240
22241
22242
22243
22244
22245
22478
22479
22480
22481
22482
22483
22484
22485
22486
22487
22488
22489
22490
22491
22492
22493
22494
22495
22496
22497
22498
22499
22500
22501
22502
22503
22504
22505
22506
22507
22508
22509
22510
22511
22512
22513
22514
22515
22516
22517
22518
22519
22520
22521
22522
22523
22524
22525
22526
22527
22528
22529
22530
22531
22532
22533
22534
22535
22768
22769
22770
22771
22772
22773
22774
22775
22776
22777
22778
22779
22780
22781
22782
22783
22784
22785
22786
22787
22788
22789
22790
22791
22792
22793
22794
22795
22796
22797
22798
22799
22800
22801
22802
22803
22804
22805
22806
22807
22808
22809
22810
22811
22812
22813
22814
22815
22816
22817
22818
22819
22820
22821
22822
22823
22824
22825
23058
23059
23060
23061
23062
23063
23064
23065
23066
23067
23068
23069
23070
23071
23072
23073
23074
23075
23076
23077
23078
23079
23080
23081
23082
23083
23084
23085
23086
23087
23088
23089
23090
23091
23092
23093
23094
23095
23096
23097
23098
23099
23100
23101
23102
23103
23104
23105
23106
23107
23108
23109
23110
23111
23112
23113
23114
23115
23358
23369
23380
23391
23402
23413
23424
23435
23446
23457
23468
23479
23490
23501
23512
23523
23534
23545
23556
23567
23578
23589
23600
23611
23622
23633
23644
23655
23666
23677
23688
23699
23710
23721
23732
23743
23754
23765
23776
23787
23795
23803
23819
23835
23840
23851
23867
23883
23899
23915
23931
23939
23947
23963
23979
23995
24011
24016
24027
24032
24043
24059
24075
24083
24091
24107
24123
24139
24155
24171
24187
24203
24219
24227
24235
24251
24267
24283
24299
24315
24331
24347
24363
24371
24379
24395
24411
24427
24443
24459
24475
24491
24507
24519
24531
24543
24555
24567
24579
24591
24603
24615
24620
24621
24627
24632
24633
24639
24644
24645
24651
24656
24657
24663
24668
24669
24675
24680
24681
24687
24699
24711
24723
24728
24735
24747
24759
24771
24778
24783
24795
24807
24819
24831
24837
24843
24849
24855
24867
24879
24891
24903
24908
24915
24920
24927
24932
24939
24951
24963
24975
24987
24989
24996
24999
25001
25008
25011
25013
25023
25025
25035
25037
25047
25048
25058
25059
25060
25061
25071
25072
25073
25086
25099
25112
25125
25138
25143
25151
25156
25164
25169
25177
25190
25203
25216
25229
25230
25231
25232
25233
25242
25243
25244
25245
25246
25255
25258
25268
25279
25281
25292
25294
25305
25307
25310
25318
25320
25323
25331
25333
25336
25344
25346
25357
25359
25372
25385
25398
25411
25412
25413
25414
25415
25424
25425
25426
25427
25428
25437
25440
25450
25461
25463
25474
25476
25487
25489
25492
25500
25502
25505
25513
25515
25518
25526
25528
25539
25541
25554
25567
25580
25593
25594
25604
25605
25606
25607
25617
25618
25619
25632
25645
25658
25671
25684
25689
25697
25702
25710
25723
25736
25749
25762
25775
25788
25801
25814
25818
25825
25827
25831
25838
25840
25844
25851
25853
25866
25869
25873
25879
25882
25886
25892
25899
25905
25912
25918
25925
25931
25944
25957
25986
26015
26018
26028
26044
26047
26073
26102
26131
26160
26176
26189
26218
26242
26247
26271
26276
26305
26334
26337
26363
26366
26392
26395
26405
26421
26424
26450
26471
26479
26500
26508
26537
26544
26553
26566
26573
26595
26602
26604
26619
26624
26648
26653
26682
26711
26714
26740
26743
26769
26772
26782
26798
26801
26827
26848
26856
26877
26885
26914
26921
26930
26943
26972
26981
26996
27001
27025
27030
27059
27088
27091
27117
27120
27146
27149
27159
27175
27178
27204
27225
27233
27254
27262
27279
27291
27298
27308
27320
27349
27358
27373
27378
27402
27407
27436
27465
27494
27523
27536
27552
27581
27602
27610
27617
27631
27639
27646
27668
27675
27684
27697
27726
27732
27735
27750
27755
27761
27779
27784
27813
27842
36021
36053
36058
36095
36097
36099
36108
36110
36118
36120
36132
36169
36199
36236
36248
36250
36259
36261
36269
36271
36273
36310
36317
36347
36354
36391
36393
36395
36402
36404
36413
36415
36428
36465
36495
36532
36553
36555
36567
36569
36648
36687
36717
36754
36763
36765
36774
36776
36784
36786
36789
36791
36828
36835
36865
36872
36909
36911
36913
36922
36924
36932
36934
36946
36983
37013
37050
37062
37064
37073
37075
37083
37085
37087
37124
37131
37161
37168
37205
37207
37209
37222
37224
37314
37373
37423
37480
37489
37491
37498
37500
37506
37508
37520
37522
37530
37532
37535
37537
37594
37601
37651
37658
37715
37717
37719
37728
37730
37738
37740
37746
37748
37756
37758
37772
37829
37878
37879
37923
37955
37960
37997
37998
37999
38001
38004
38006
38010
38012
38015
38017
38020
38022
38034
38071
38083
38101
38138
38150
38152
38161
38163
38171
38173
38175
38212
38219
38249
38256
38293
38294
38295
38297
38304
38306
38315
38317
38330
38367
38397
38434
38455
38457
38469
38471
38550
38589
38619
38656
38665
38667
38676
38678
38686
38688
38691
38692
38693
38730
38737
38756
38767
38774
38811
38813
38815
38824
38826
38837
38839
38848
38885
38915
38952
38964
38966
38975
38977
38985
38987
38989
39026
39033
39063
39070
39107
39109
39111
39124
39126
39216
39222
39229
39242
39255
39268
39274
39281
39294
39307
39320
39326
39333
39339
39346
39352
39359
39372
39385
39389
39398
39402
39407
39411
39415
39420
39424
39428
39433
39437
39450
39455
39463
39468
39476
39481
39489
39494
39502
39515
39528
39541
39554
39562
39567
39575
39580
39588
39593
39606
39612
39619
39625
39632
39638
39645
39658
39671
39684
39697
39710
39723
39728
39736
39741
39749
39762
39775
39788
39801
39814
39827
39831
39833
39840
39844
39846
39853
39857
39859
39866
39870
39872
39879
39892
39894
39902
39905
39907
39915
39918
39920
39926
39928
39931
39944
39951
39971
39991
40011
40031
40033
40035
40041
40043
40047
40049
40051
40071
40091
40111
40112
40115
40123
40131
40132
40135
40143
40151
40163
40171
40191
40211
40212
40239
40291
40292
40311
40324
40331
40344
40351
40364
40371
40391
40405
40411
40431
40437
40451
40471
40482
40491
40494
40502
40511
40531
40538
40541
40551
40561
40571
40591
40611
40631
40651
40671
40676
40691
40704
40710
40711
40731
40751
40771
40791
40793
40795
40801
40803
40807
40809
40811
40831
40851
40871
40883
40891
40893
40895
40903
40911
40931
40951
40971
40991
41002
41011
41031
41035
41051
41052
41055
41071
41084
41091
41104
41111
41124
41131
41151
41165
41171
41191
41197
41211
41231
41242
41251
41254
41262
41271
41291
41298
41301
41311
41321
41331
41351
41371
41391
41411
41431
41436
41451
41464
41471
41491
41511
41531
41551
41553
41555
41561
41563
41567
41569
41571
41581
41583
41591
41611
41631
41634
41651
41654
41671
41691
41698
41701
41711
41718
41721
41731
41741
41751
41771
41791
41811
41831
41844
41857
41870
41883
41896
41909
41922
41931
41932
41936
41945
41946
41950
41964
41978
41992
42006
42014
42020
42028
42034
42046
42058
42070
42075
42076
42082
42087
42088
42094
42100
42106
42112
42118
42124
42130
42135
42136
42142
42145
42150
42155
42158
42163
42168
42181
42194
42207
42220
42221
42233
42234
42239
42243
42245
42246
42247
42252
42256
42258
42259
42268
42277
42286
42295
42296
42298
42300
42304
42313
42322
42331
42340
42351
42362
42373
42384
42395
42406
42417
42428
42439
42450
42461
42472
42483
42494
42505
42516
42527
42538
42549
42560
42562
42571
42582
42593
42604
42615
42626
42637
42648
42659
42670
42681
42692
42703
42714
42725
42748
42771
42794
42817
42840
42863
42886
42909
42932
42955
42978
43001
43024
43047
43070
43093
43116
43139
43162
43185
43208
43231
43254
43277
43300
43323
43346
43369
43392
43415
43438
43461
43484
43507
43530
43553
43566
43576
43589
43599
43612
43622
43635
43645
43658
43668
43691
43714
43737
43760
43783
43806
43829
43852
43875
43898
43921
43944
43967
43990
44013
44036
44059
44082
44105
44122
44139
44156
44173
44190
44207
44224
44241
44258
44263
44275
44292
44309
44326
44343
44360
44377
44394
44411
44419
44428
44436
44445
44453
44462
44479
44496
44513
44521
44530
44538
44547
44555
44564
44581
44598
44615
44632
44649
44666
44683
44700
44717
44734
44751
44768
44785
44802
44819
44836
44853
44870
44871
44885
44886
44887
44888
44902
44903
44904
44921
44938
44955
44972
44989
45006
45023
45028
45040
45045
45057
45062
45074
45091
45108
45125
45142
45143
45144
45145
45146
45159
45160
45161
45162
45163
45176
45179
45193
45207
45210
45224
45227
45241
45244
45247
45261
45264
45276
45278
45281
45293
45295
45310
45312
45329
45346
45363
45380
45397
45398
45412
45413
45414
45431
45448
45465
45482
45499
45516
45533
45550
45567
45584
45601
45618
45635
45652
45669
45686
45703
45720
45737
45754
45771
45788
45805
45822
45839
45856
45873
45890
45907
45924
45941
45958
45959
45973
45974
45975
45976
45990
45991
45992
46009
46020
46026
46037
46043
46060
46077
46094
46111
46116
46128
46133
46145
46150
46162
46179
46196
46213
46230
46232
46240
46252
46256
46282
46286
46308
46334
46360
46386
46412
46438
46464
46472
46490
46498
46516
46524
46542
46550
46559
46564
46568
46576
46585
46590
46594
46602
46611
46616
46620
46637
46646
46663
46672
46689
46698
46715
46724
46750
46760
46776
46802
46824
46828
46854
46864
46880
46906
46923
46932
46958
46984
47010
47036
47062
47088
47114
47140
47166
47192
47218
47240
47244
47266
47270
47289
47292
47296
47318
47322
47344
47348
47374
47400
47426
47452
47478
47504
47530
47556
47582
47608
47634
47660
47686
47712
47738
47764
47790
47816
47842
47868
47894
47920
47946
47972
47998
48024
48050
48076
48102
48128
48154
48180
48206
48232
48258
48284
48310
48336
48362
48388
48414
48440
48466
48492
48518
48544
48570
48596
48622
48648
48674
48700
48726
48752
48778
48804
48830
48856
48882
48908
48934
48960
48986
49012
49038
49064
49090
57955
58011
58430
58431
58739
58771
58784
58803
58835
58867
58899
58931
58963
58995
59027
59059
59091
59123
59155
59187
59219
59233
59247
59261
59275
59289
59303
59317
59331
59345
59359
59373
59387
59401
59406
59408
59415
59429
59443
59457
59471
59485
59499
59513
59527
59541
59555
59569
59583
59625
59639
59653
59667
59681
59695
59709
59723
59737
59751
59758
59765
59772
59779
59793
59807
59821
59835
59849
59863
59877
59891
59896
59905
59919
59933
59934
59947
59948
59959
59961
59975
59989
60003
60017
60031
60045
60059
60073
60087
60101
60109
60115
60123
60129
60137
60143
60144
60157
60158
60171
60185
60199
60213
60227
60229
60241
60243
60255
60257
60269
60283
60297
60311
60325
60331
60339
60345
60353
60367
60369
60377
60381
60383
60391
60395
60409
60423
60432
60437
60446
60451
60460
60465
60466
60467
60469
60470
60471
60474
60479
60483
60484
60485
60488
60489
60493
60497
60498
60499
60501
60502
60503
60507
60521
60522
60535
60536
60549
60550
60555
60557
60558
60559
60561
60562
60563
60569
60571
60572
60573
60575
60576
60577
60583
60585
60586
60587
60589
60590
60591
60605
60619
60620
60631
60633
60634
60645
60647
60648
60649
60650
60652
60653
60654
60656
60657
60659
60661
60673
60675
60687
60689
60701
60703
60710
60711
60712
60713
60715
60716
60717
60724
60725
60726
60727
60729
60730
60731
60744
60745
60758
60759
60771
60773
60785
60787
60797
60799
60801
60811
60813
60815
60825
60827
60829
60839
60841
60843
60844
60853
60855
60857
60858
60867
60869
60871
60872
60883
60885
60886
60897
60899
60900
60913
60914
60923
60927
60933
60934
60935
60941
60955
60957
60959
60967
60969
60983
60989
60990
60992
60997
61011
61015
61025
61039
61053
61067
61068
61081
61082
61095
61100
61106
61109
61123
61137
61144
61146
61151
61162
61163
61165
61179
61180
61193
61194
61196
61202
61207
61208
61209
61210
61216
61217
61218
61219
61221
61222
61223
61224
61230
61231
61232
61233
61235
61249
61263
61272
61277
61286
61291
61300
61305
61306
61309
61310
61311
61314
61319
61323
61324
61325
61328
61329
61333
61337
61338
61339
61341
61342
61343
61347
61361
61375
61389
61390
61395
61397
61398
61399
61401
61402
61403
61409
61411
61412
61413
61415
61416
61417
61423
61425
61426
61427
61429
61430
61431
61445
61459
61460
61471
61473
61474
61485
61487
61488
61489
61490
61492
61493
61494
61496
61497
61499
61501
61515
61529
61543
61550
61551
61552
61553
61555
61556
61557
61564
61565
61566
61567
61569
61570
61571
61584
61585
61598
61599
61613
61627
61637
61639
61641
61651
61653
61655
61665
61667
61669
61679
61681
61683
61684
61693
61695
61697
61698
61707
61709
61711
61712
61723
61725
61726
61737
61739
61740
61753
61754
61763
61767
61775
61783
61791
61799
61807
61815
61823
61831
61839
61847
61855
61863
61871
61879
61887
61895
61903
61911
61919
61927
61935
61943
61951
61959
61967
61975
61983
61991
61999
62007
62015
62023
62031
62039
62047
62055
62063
62071
62079
62087
62095
62103
62111
62119
62127
62135
62143
62151
62159
62167
62175
62183
62191
62199
62207
62215
62223
62231
62239
62247
62255
62263
62271
62279
62287
62295
62303
62311
62319
62327
62335
62343
62351
62359
62367
62375
62383
62391
62399
62407
62415
62423
62431
62439
62447
62458
62469
62473
62495
62499
62525
62551
62577
62603
62629
62655
62656
62657
62674
62675
62681
62702
62707
62733
62759
62764
62785
62811
62837
62847
62863
62873
62885
62889
62899
62911
62915
62941
62967
62993
63001
63010
63019
63027
63036
63045
63053
63062
63071
63097
63123
63149
63175
63201
63227
63253
63279
63305
63331
63357
63383
63409
63435
63461
63487
63513
63539
63565
63591
63617
63642
63667
63692
63717
63742
63767
63792
63817
63842
63867
63877
63881
63892
63917
63942
63967
63992
64017
64042
64067
64092
64117
64142
64152
64156
64167
64177
64181
64192
64217
64242
64267
64292
64317
64342
64367
64392
64417
64427
64431
64442
64452
64456
64467
64492
64517
64542
64567
64592
64617
64642
64667
64692
64702
64706
64717
64727
64731
64742
64767
64792
64817
64842
64867
64892
64917
64942
64967
64977
64981
64992
65558
65567
65572
65592
65594
65595
65612
65614
65615
65632
65640
65652
65672
65692
65694
65695
65712
65724
65732
65752
65772
65774
65775
65792
65794
65795
65800
65812
65820
65832
65840
65852
65876
65900
65902
65903
65924
65926
65927
65948
65950
65951
65971
65972
65995
65996
66016
66017
66019
66020
66040
66041
66043
66044
66064
66065
66067
66068
66088
66089
66091
66092
66094
66095
66112
66113
66115
66116
66118
66119
66139
66140
66142
66143
66148
66163
66164
66172
66187
66188
66196
66208
66209
66211
66212
66232
66252
66258
66267
66272
66292
66294
66295
66312
66314
66315
66332
66340
66352
66372
66392
66394
66395
66412
66424
66432
66452
66472
66492
66512
66514
66515
66520
66532
66542
66555
66556
66579
66580
66600
66601
66603
66604
66609
66610
66624
66625
66627
66628
66648
66649
66651
66652
66675
66676
66678
66679
66699
66700
66702
66703
66723
66724
66726
66727
66735
66747
66748
66750
66751
66771
66772
66774
66775
66792
66793
66795
66796
66816
66817
66819
66820
66835
66840
66841
66843
66844
66853
66859
66867
66868
66870
66871
66877
66883
66891
66892
66912
66932
66939
66940
66942
66943
66952
66959
66960
66962
66963
66972
66992
67012
67032
67039
67040
67042
67043
67052
67072
67092
67112
67119
67120
67122
67123
67132
67139
67140
67142
67143
67152
67159
67163
67172
67179
67183
67192
67198
67199
67200
67206
67220
67222
67224
67232
67234
67248
67254
67255
67257
67262
67276
67280
67290
67304
67318
67332
67333
67346
67347
67360
67365
67371
67374
67388
67402
67409
67411
67416
67427
67428
67430
67444
67445
67458
67459
67461
67467
67472
67473
67474
67475
67481
67482
67483
67484
67486
67487
67488
67489
67495
67496
67497
67498
67500
67514
67528
67537
67542
67551
67556
67565
67570
67571
67574
67575
67576
67579
67584
67588
67589
67590
67593
67594
67598
67602
67603
67604
67606
67607
67608
67612
67626
67640
67654
67655
67660
67662
67663
67664
67666
67667
67668
67674
67676
67677
67678
67680
67681
67682
67688
67690
67691
67692
67694
67695
67696
67710
67724
67725
67736
67738
67739
67750
67752
67753
67754
67755
67757
67758
67759
67761
67762
67764
67766
67780
67794
67808
67815
67816
67817
67818
67820
67821
67822
67829
67830
67831
67832
67834
67835
67836
67850
67864
67878
67892
67902
67904
67906
67916
67918
67920
67930
67932
67934
67944
67946
67948
67949
67958
67960
67962
67963
67972
67974
67976
67977
67988
67990
67991
68002
68004
68005
68018
68019
68028
68032
68038
68039
68040
68046
68060
68061
68062
68064
68072
68074
68088
68094
68095
68097
68102
68116
68120
68130
68144
68158
68172
68173
68186
68187
68200
68205
68211
68214
68228
68242
68249
68251
68256
68267
68268
68270
68284
68285
68298
68299
68301
68307
68312
68313
68314
68315
68321
68322
68323
68324
68326
68327
68328
68329
68335
68336
68337
68338
68340
68354
68368
68382
68396
68405
68410
68414
68415
68416
68419
68424
68428
68429
68430
68433
68434
68438
68442
68443
68444
68446
68447
68448
68452
68457
68461
68466
68471
68475
68480
68489
68494
68495
68500
68502
68503
68504
68506
68507
68508
68509
68514
68516
68517
68518
68520
68521
68522
68523
68528
68530
68531
68532
68534
68535
68536
68537
68538
68539
68540
68541
68542
68550
68551
68564
68565
68576
68578
68579
68590
68592
68593
68594
68595
68597
68598
68599
68601
68602
68603
68604
68606
68620
68634
68648
68655
68656
68657
68658
68660
68661
68662
68669
68670
68671
68672
68674
68675
68676
68690
68704
68718
68732
68733
68734
68735
68736
68737
68738
68742
68744
68746
68756
68758
68760
68770
68772
68774
68784
68786
68788
68789
68798
68800
68802
68803
68812
68814
68816
68817
68828
68830
68831
68842
68844
68845
68858
68859
68868
68872
68901
68930
68959
68988
69017
69046
69075
69104
69125
69130
69156
69182
69187
69208
69213
69225
69234
69260
69270
69286
69296
69307
69312
69322
69333
69338
69364
69390
69416
69442
69450
69468
69476
69494
69502
69520
69528
69546
69554
69572
69587
69598
69613
69624
69650
69676
69702
69728
69754
69780
69806
69821
69832
69847
69858
69884
69910
69936
69962
69988
70014
70040
70066
70092
70118
70144
70170
70196
70222
70241
70248
70269
70274
70300
70326
70331
70352
70357
70378
70404
70414
70430
70440
70451
70456
70466
70477
70482
70508
70534
70560
70586
70612
70620
70638
70646
70664
70672
70690
70698
70716
70731
70742
70757
70768
70794
70820
70846
70872
70898
70919
70924
70945
70950
70964
70976
70990
71002
71028
71054
71080
71106
71120
71132
71146
71149
71158
71172
71174
71175
71184
72059
72079
72099
72119
72139
72159
72179
72187
72191
72199
72219
72229
72239
72249
72259
72269
72279
72289
72299
72309
72319
72329
72339
72359
72379
72399
72419
72439
72459
72479
72487
72491
72499
72519
72529
72539
72549
72559
72569
72579
72589
72599
72609
72619
72629
72639
72659
72679
72699
72719
72739
72759
72779
72787
72791
72799
72819
72829
72839
72849
72859
72869
72879
72889
72899
72909
72919
72929
72939
72959
72979
72999
73019
73039
73059
73079
73087
73091
73099
73119
73129
73139
73149
73159
73179
73194
73199
73214
73219
73234
73239
73259
73279
73299
73319
73339
73359
73379
73387
73391
73399
73419
73426
73439
73446
73459
73479
73484
73499
73504
73519
73524
73539
73561
73583
73605
73627
73649
73671
73693
73715
73737
73759
73781
73803
73825
73847
73869
73891
73913
73935
73957
73979
74001
74023
74045
74067
74089
74111
74133
74135
74148
74155
74157
74170
74177
74179
74192
74199
74221
74243
74265
74287
74309
74331
74353
74375
74397
74419
74441
74463
74485
74507
74529
74551
74573
74595
74617
74639
74640
74642
74643
74644
74645
74647
74648
74649
74650
74652
74653
74654
74655
74656
74657
74658
74659
74660
74661
74662
74663
74664
74666
74667
74668
74669
74671
74672
74673
74674
74676
74677
74678
74679
74680
74681
74682
74683
74684
74685
74686
74687
74688
74689
74690
74691
74692
74693
74694
74695
74696
74697
74698
74699
74700
74701
74702
74703
74704
74705
74706
74707
74708
74709
74710
74711
74712
74713
74714
74715
74716
74717
74718
74719
74720
74721
74722
74723
74724
74725
74726
74727
74728
74729
74730
74731
74732
74733
74734
74735
74736
74737
74738
74739
74740
74741
74742
74743
74744
74745
74746
74747
74748
74749
74751
74752
74753
74754
74755
74756
74757
74758
74759
74760
74762
74763
74764
74765
74766
74767
74768
74769
74770
74771
74773
74774
74775
74776
74777
74778
74779
74780
74781
74782
74783
74784
74785
74786
74787
74788
74789
74790
74791
74792
74793
74794
74795
74796
74797
74798
74799
74800
74801
74802
74803
74804
74805
74806
74807
74808
74809
74810
74811
74812
74813
74814
74815
74816
74818
74819
74820
74821
74823
74824
74825
74826
74828
74829
74830
74831
74832
74833
74834
74851
74868
74885
74902
74919
74936
74953
74970
74987
74992
75004
75009
75021
75026
75038
75055
75072
75083
75089
75106
75108
75115
75123
75125
75132
75140
75144
75157
75161
75174
75178
75191
75208
75225
75241
75242
75259
75276
75293
75310
75327
75344
75361
75378
75395
75412
75429
75446
75463
75480
75497
75514
75531
75548
75565
75582
75599
75611
75612
75625
75637
75638
75651
75652
75653
75654
75655
75657
75658
75659
75660
75661
75663
75664
75666
75667
75668
75669
75670
75672
75673
75674
75675
75677
75703
75729
75755
75761
75762
75767
75768
75773
75774
75781
75787
75788
75793
75794
75799
75800
75807
75813
75814
75819
75820
75825
75826
75833
75834
75835
75836
75837
75839
75840
75851
75852
75854
75855
75856
75857
75858
75859
75860
75861
75862
75863
75865
75866
75877
75878
75880
75881
75882
75883
75884
75885
75886
75887
75888
75889
75891
75892
75903
75904
75906
75907
75908
75909
75910
75911
75946
75947
75952
75953
75990
75991
75992
75993
75995
75996
76007
76008
76010
76011
76012
76013
76014
76015
76016
76017
76018
76019
76021
76022
76033
76034
76036
76037
76038
76039
76040
76041
76042
76043
76044
76045
76047
76048
76059
76060
76062
76063
76064
76065
76066
76067
76079
76080
76093
76105
76106
76119
76131
76132
76145
76148
76149
76166
76167
76171
76174
76175
76192
76193
76197
76200
76201
76218
76219
76223
76229
76230
76235
76236
76241
76242
76249
76255
76256
76261
76262
76267
76268
76275
76281
76282
76287
76288
76293
76294
76301
76327
76353
76379
76405
76431
76439
76440
76442
76443
76444
76445
76447
76448
76457
76465
76466
76468
76469
76470
76471
76473
76474
76483
76485
76486
76487
76488
76489
76490
76491
76492
76494
76495
76496
76497
76499
76500
76501
76502
76503
76504
76505
76506
76508
76509
76534
76535
76560
76561
76586
76587
76589
76591
76592
76594
76605
76607
76608
76610
76612
76613
76615
76617
76618
76620
76631
76633
76634
76636
76638
76639
76641
76643
76644
76646
76657
76659
76660
76662
76664
76665
76700
76701
76706
76707
76745
76746
76748
76749
76750
76761
76762
76763
76765
76766
76768
76769
76771
76772
76774
76775
76776
76787
76788
76789
76791
76792
76794
76795
76820
76821
76846
76847
76872
76873
76898
76899
76924
76925
76950
76951
76953
76954
76955
76956
76957
76958
76959
76960
76962
76963
76964
76965
76967
76968
76969
76970
76971
76972
76973
76974
76976
76977
76985
76986
76988
76989
76990
76991
76993
76994
77003
77011
77012
77014
77015
77016
77017
77019
77020
77029
77055
77081
77107
77133
77159
77163
77164
77165
77178
77179
77180
77185
77189
77190
77191
77204
77205
77206
77211
77212
77213
77215
77216
77217
77230
77231
77232
77234
77235
77237
77238
77239
77241
77242
77243
77244
77245
77246
77247
77249
77250
77252
77253
77254
77255
77256
77257
77258
77260
77261
77263
77264
77265
77286
77287
77289
77290
77291
77312
77313
77315
77316
77317
77338
77339
77341
77342
77343
77345
77346
77347
77348
77359
77360
77361
77362
77364
77365
77367
77368
77369
77371
77372
77373
77374
77385
77386
77387
77388
77390
77391
77393
77394
77395
77397
77398
77399
77400
77411
77412
77413
77414
77416
77417
77419
77454
77455
77460
77461
77498
77499
77501
77502
77503
77504
77515
77516
77517
77518
77520
77521
77523
77524
77525
77527
77528
77529
77530
77541
77542
77543
77544
77546
77547
77549
77550
77551
77572
77573
77575
77576
77577
77598
77599
77601
77602
77603
77624
77625
77627
77628
77629
77650
77651
77653
77654
77655
77676
77677
77679
77680
77681
77702
77703
77705
77706
77707
77709
77710
77711
77712
77713
77714
77715
77717
77718
77720
77721
77722
77723
77724
77725
77726
77728
77729
77731
77732
77733
77735
77736
77737
77750
77751
77752
77754
77755
77757
77761
77762
77763
77776
77777
77778
77783
77787
77788
77789
77802
77803
77804
77809
77835
77861
77862
77863
77864
77865
77866
77867
77868
77869
77870
77871
77872
77873
77874
77875
77876
77877
77878
77879
77880
77881
77886
77887
77912
77913
77938
77939
77964
77965
77966
77967
77968
77969
77970
77971
77972
77973
77974
77975
77976
77977
77978
77979
77980
77981
77982
77983
77984
77985
77986
77990
77991
77992
77993
77994
77995
77996
77997
77998
77999
78000
78001
78002
78003
78004
78005
78006
78007
78008
78009
78010
78011
78012
78014
78015
78016
78017
78018
78040
78041
78042
78043
78044
78066
78067
78068
78069
78070
78092
78093
78094
78095
78096
78098
78099
78100
78101
78102
78113
78114
78115
78116
78118
78119
78120
78121
78122
78124
78125
78126
78127
78128
78139
78140
78141
78142
78144
78145
78146
78147
78148
78150
78151
78152
78153
78154
78165
78166
78167
78168
78170
78171
78172
78173
78208
78209
78214
78215
78253
78254
78255
78256
78257
78258
78269
78270
78271
78272
78274
78275
78276
78277
78301
78302
78303
78327
78328
78329
78353
78354
78355
78378
78379
78380
78381
78404
78405
78406
78407
78408
78430
78431
78432
78433
78434
78456
78457
78458
78459
78460
78482
78483
78484
78485
78486
78508
78509
78510
78511
78512
78513
78514
78515
78516
78517
78518
78519
78520
78521
78522
78523
78524
78525
78526
78527
78528
78529
78530
78531
78532
78533
78534
78535
78536
78537
78538
78539
78540
78541
78542
78543
78544
78545
78546
78547
78548
78549
78550
78551
78552
78553
78554
78555
78556
78557
78558
78559
78560
78561
78562
78563
78564
78565
78566
78567
78568
78569
78570
78571
78572
78573
78574
78575
78576
78577
78578
78579
78580
78581
78582
78583
78584
78585
78586
78587
78588
78589
78590
78591
78592
78593
78594
78595
78596
78597
78598
78599
78600
78601
78602
78603
78604
78605
78606
78607
78608
78609
78610
78611
78612
78613
78614
78615
78616
78617
78618
78619
78620
78621
78622
78623
78624
78625
78626
78627
78628
78629
78630
78631
78632
78633
78634
78635
78636
78637
78638
78639
78640
78641
78642
78643
78644
78645
78646
78647
78648
78649
78650
78651
78652
78653
78654
78655
78656
78657
78658
78659
78660
78661
78662
78663
78664
78665
78666
78667
78668
78669
78690
78692
78693
78694
78695
78716
78718
78719
78720
78721
78742
78744
78745
78746
78747
78749
78750
78751
78753
78754
78755
78756
78757
78759
78760
78761
78762
78763
78764
78766
78767
78768
78770
78771
78772
78773
78775
78776
78777
78779
78780
78781
78782
78783
78785
78786
78787
78788
78789
78790
78792
78793
78794
78796
78797
78798
78799
78801
78802
78803
78819
78820
78822
78823
78824
78825
78827
78828
78829
78845
78846
78848
78849
78850
78851
78853
78854
78855
78871
78872
78874
78875
78876
78877
78879
78880
78881
78882
78893
78894
78895
78896
78897
78898
78900
78901
78902
78903
78905
78906
78907
78908
78919
78920
78921
78922
78923
78924
78926
78927
78962
78963
78968
78969
79006
79007
79008
79009
79011
79012
79023
79024
79025
79026
79027
79030
79031
79032
79033
79034
79035
79037
79038
79049
79056
79057
79058
79059
79060
79061
79063
79064
79065
79066
79067
79068
79070
79071
79072
79073
79074
79075
79081
79082
79083
79084
79107
79108
79109
79110
79130
79131
79132
79133
79134
79135
79136
79156
79157
79158
79159
79160
79161
79162
79164
79165
79166
79167
79168
79169
79170
79171
79172
79174
79175
79176
79177
79178
79179
79180
79182
79183
79184
79185
79186
79187
79188
79190
79191
79192
79193
79194
79195
79196
79197
79198
79200
79201
79202
79203
79204
79205
79206
79208
79209
79210
79211
79212
79213
79214
79216
79217
79218
79219
79220
79221
79222
79223
79224
79226
79227
79228
79229
79230
79231
79232
79234
79235
79236
79237
79238
79239
79240
79242
79243
79244
79245
79246
79247
79248
79249
79250
79252
79253
79254
79255
79256
79257
79258
79260
79261
79263
79264
79265
79289
79290
79291
79315
79316
79317
79341
79342
79343
79367
79368
79369
79405
79441
79477
79513
79549
79585
79621
79657
79693
79729
79775
79821
79867
79913
79959
80005
80051
80097
80125
80153
80181
80209
80237
80265
80293
80321
80349
80377
80405
80433
80470
80507
80544
80581
80618
80655
80692
80729
80766
80803
80840
80877
80914
80951
80988
81025
81062
81099
81100
81101
81102
81103
81104
81105
81107
81108
81109
81111
81112
81113
81115
81116
81117
81118
81119
81120
81121
81122
81123
81124
81125
81126
81127
81129
81130
81131
81133
81134
81135
81137
81138
81139
81140
81141
81142
81143
81147
81148
81149
81151
81152
81153
81155
81156
81157
81159
81160
81161
81165
81169
81170
81171
81173
81174
81175
81177
81178
81179
81181
81182
81183
81187
81209
81231
81253
81275
81297
81319
81341
81363
81385
81407
81429
81451
81473
81495
81517
81518
81519
81520
81521
81522
81523
81524
81525
81526
81527
81528
81529
81530
81531
81532
81533
81534
81535
81536
81537
81538
81539
81545
81546
81547
81548
81549
81551
81552
81553
81554
81555
81561
81567
81568
81569
81570
81571
81573
81574
81575
81576
81577
81583
81589
81590
81591
81592
81593
81595
81596
81597
81598
81599
81605
81606
81607
81608
81609
81611
81612
81613
81614
81615
81617
81618
81619
81620
81621
81623
81624
81625
81626
81627
81649
81671
81693
81715
81737
81759
81781
81803
81825
81847
81869
81891
81892
81893
81894
81895
81896
81897
81898
81900
81901
81902
81903
81904
81906
81907
81908
81909
81910
81911
81912
81913
81922
81923
81924
81925
81926
81935
81944
81945
81946
81947
81948
81957
81966
81967
81968
81969
81970
81979
81980
81981
81982
81983
81984
81985
81986
81987
81988
81989
81990
81991
81992
81993
81994
81995
81996
81997
81998
81999
82000
82001
82023
82045
82067
82089
82111
82133
82155
82177
82199
82221
82243
82265
82287
82309
82331
82353
82357
82358
82359
82361
82362
82363
82365
82366
82367
82369
82370
82371
82375
82379
82380
82381
82383
82384
82385
82387
82388
82389
82391
82392
82393
82397
82398
82399
82400
82401
82402
82403
82405
82406
82407
82409
82410
82411
82413
82414
82415
82416
82417
82418
82419
82420
82421
82422
82423
82424
82425
82427
82428
82429
82431
82432
82433
82435
82436
82437
82438
82439
82440
82441
82442
82443
82444
82445
82446
82447
82449
82450
82451
82453
82454
82455
82457
82458
82459
82460
82461
82462
82463
82467
82468
82469
82471
82472
82473
82475
82476
82477
82479
82480
82481
82485
82489
82490
82491
82493
82494
82495
82497
82498
82499
82501
82502
82503
82507
82529
82551
82573
82595
82617
82639
82661
82683
82705
82727
82749
82771
82772
82773
82774
82775
82776
82777
82778
82780
82781
82782
82783
82784
82786
82787
82788
82789
82790
82791
82792
82793
82802
82803
82804
82805
82806
82815
82824
82825
82826
82827
82828
82837
82846
82847
82848
82849
82850
82859
82860
82861
82862
82863
82864
82866
82867
82868
82870
82871
82872
82874
82875
82876
82877
82878
82879
82880
82881
82882
82883
82884
82885
82886
82888
82889
82890
82892
82893
82894
82896
82897
82898
82899
82900
82901
82902
82903
82906
82907
82908
82910
82911
82912
82914
82915
82916
82918
82919
82920
82925
82928
82929
82930
82932
82933
82934
82936
82937
82938
82940
82941
82942
82947
82969
82991
83013
83035
83057
83079
83101
83123
83145
83167
83189
83211
83215
83216
83217
83219
83220
83221
83223
83224
83225
83227
83228
83229
83233
83237
83238
83239
83241
83242
83243
83245
83246
83247
83249
83250
83251
83255
83256
83257
83258
83259
83260
83261
83263
83264
83265
83267
83268
83269
83271
83272
83273
83274
83275
83276
83277
83289
83301
83313
83325
83337
83349
83361
83373
83385
83397
83409
83421
83433
83445
83457
83469
83481
83493
83505
83517
83529
83541
83553
83565
83577
83580
83589
83594
83597
83606
83611
83628
83645
83662
83679
83696
83713
83730
83747
83764
83781
83784
83798
83801
83815
83832
83849
83866
83877
83883
83890
83900
83907
83917
83924
83934
83951
83968
83985
83988
84002
84005
84019
84022
84036
84053
84070
84087
84104
84121
84138
84155
84160
84163
84172
84189
84206
84223
84240
84257
84274
84291
84308
84325
84358
84391
84424
84457
84490
84491
84492
84493
84494
84495
84496
84497
84498
84499
84500
84501
84502
84511
84512
84513
84514
84515
84516
84517
84518
84519
84520
84521
84522
84523
84524
84525
84526
84527
84528
84529
84530
84531
84532
84533
84534
84535
84544
84545
84546
84547
84548
84549
84550
84551
84552
84553
84554
84555
84556
84557
84558
84559
84560
84561
84562
84563
84564
84565
84566
84567
84568
84577
84578
84579
84580
84581
84582
84583
84584
84585
84586
84587
84588
84589
84622
84655
84688
84721
84754
84755
84756
84757
84758
84759
84760
84761
84762
84763
84764
84765
84766
84775
84776
84777
84778
84779
84780
84781
84782
84783
84784
84785
84786
84787
84788
84789
84790
84791
84792
84793
84794
84795
84796
84797
84798
84799
84808
84809
84810
84811
84812
84813
84814
84815
84816
84817
84818
84819
84820
84821
84822
84823
84824
84825
84826
84827
84828
84829
84830
84831
84832
84841
84842
84843
84844
84845
84846
84847
84848
84849
84850
84851
84852
84853
84886
84919
84952
84985
85018
85019
85020
85021
85022
85023
85024
85025
85026
85027
85028
85029
85030
85039
85040
85041
85042
85043
85044
85045
85046
85047
85048
85049
85050
85051
85052
85053
85054
85055
85056
85057
85058
85059
85060
85061
85062
85063
85072
85073
85074
85075
85076
85077
85078
85079
85080
85081
85082
85083
85084
85085
85086
85087
85088
85089
85090
85091
85092
85093
85094
85095
85096
85105
85106
85107
85108
85109
85110
85111
85112
85113
85114
85115
85116
85117
85150
85183
85216
85249
85282
85283
85284
85285
85286
85287
85288
85289
85290
85291
85292
85293
85294
85303
85304
85305
85306
85307
85308
85309
85310
85311
85312
85313
85314
85315
85316
85317
85318
85319
85320
85321
85322
85323
85324
85325
85326
85327
85336
85337
85338
85339
85340
85341
85342
85343
85344
85345
85346
85347
85348
85349
85350
85351
85352
85353
85354
85355
85356
85357
85358
85359
85360
85369
85370
85371
85372
85373
85374
85375
85376
85377
85378
85379
85380
85381
85414
85447
85480
85513
85546
85547
85548
85549
85550
85551
85552
85553
85554
85555
85556
85557
85558
85567
85568
85569
85570
85571
85572
85573
85574
85575
85576
85577
85578
85579
85580
85581
85582
85583
85584
85585
85586
85587
85588
85589
85590
85591
85600
85601
85602
85603
85604
85605
85606
85607
85608
85609
85610
85611
85612
85613
85614
85615
85616
85617
85618
85619
85620
85621
85622
85623
85624
85633
85634
85635
85636
85637
85638
85639
85640
85641
85642
85643
85644
85645
85678
85711
85744
85777
85810
85811
85812
85813
85814
85815
85816
85817
85818
85819
85820
85821
85822
85823
85824
85825
85827
85828
85829
85830
85831
85832
85833
85834
85835
85836
85837
85838
85839
85840
85841
85842
85843
85844
85845
85846
85847
85848
85849
85850
85851
85852
85853
85854
85855
85856
85857
85858
85860
85861
85862
85863
85864
85865
85866
85867
85868
85869
85870
85871
85872
85873
85874
85875
85876
85877
85878
85879
85880
85881
85882
85883
85884
85885
85886
85887
85888
85896
85897
85898
85899
85900
85901
85902
85903
85904
85905
85906
85907
85908
85909
85910
85911
85912
85913
85914
85915
85916
85917
85918
85919
85920
85921
85929
85930
85931
85932
85933
85934
85935
85936
85937
85938
85939
85940
85941
85942
85943
85944
85945
85946
85947
85948
85949
85950
85951
85952
85953
85954
85962
85963
85964
85965
85966
85967
85968
85969
85970
85971
85972
85973
85974
85975
85976
85977
85978
85979
85980
85981
85982
85983
85984
85985
85986
85987
85988
85989
85990
85992
85993
85994
85995
85996
85997
85998
85999
86000
86001
86002
86003
86004
86005
86006
86007
86008
86009
86010
86011
86012
86013
86014
86015
86016
86017
86018
86019
86020
86021
86022
86023
86025
86026
86027
86028
86029
86030
86031
86032
86033
86034
86035
86036
86037
86038
86039
86040
86041
86074
86107
86140
86173
86206
86207
86208
86209
86210
86211
86212
86213
86214
86215
86216
86217
86218
86219
86220
86221
86223
86224
86225
86226
86227
86228
86229
86230
86231
86232
86233
86234
86235
86236
86237
86238
86239
86240
86241
86242
86243
86244
86245
86246
86247
86248
86249
86250
86251
86252
86253
86254
86256
86257
86258
86259
86260
86261
86262
86263
86264
86265
86266
86267
86268
86269
86270
86271
86272
86273
86274
86275
86276
86277
86278
86279
86280
86281
86282
86283
86284
86292
86293
86294
86295
86296
86297
86298
86299
86300
86301
86302
86303
86304
86305
86306
86307
86308
86309
86310
86311
86312
86313
86314
86315
86316
86317
86325
86326
86327
86328
86329
86330
86331
86332
86333
86334
86335
86336
86337
86338
86339
86340
86341
86342
86343
86344
86345
86346
86347
86348
86349
86350
86358
86359
86360
86361
86362
86363
86364
86365
86366
86367
86368
86369
86370
86371
86372
86373
86374
86375
86376
86377
86378
86379
86380
86381
86382
86383
86384
86385
86386
86388
86389
86390
86391
86392
86393
86394
86395
86396
86397
86398
86399
86400
86401
86402
86403
86404
86405
86406
86407
86408
86409
86410
86411
86412
86413
86414
86415
86416
86417
86418
86419
86421
86422
86423
86424
86425
86426
86427
86428
86429
86430
86431
86432
86433
86434
86435
86436
86437
86470
86503
86536
86569
86602
86603
86604
86605
86606
86607
86608
86609
86610
86611
86612
86613
86614
86615
86616
86617
86619
86620
86621
86622
86623
86624
86625
86626
86627
86628
86629
86630
86631
86632
86633
86634
86635
86636
86637
86638
86639
86640
86641
86642
86643
86644
86645
86646
86647
86648
86649
86650
86652
86653
86654
86655
86656
86657
86658
86659
86660
86661
86662
86663
86664
86665
86666
86667
86668
86669
86670
86671
86672
86673
86674
86675
86676
86677
86678
86679
86680
86688
86689
86690
86691
86692
86693
86694
86695
86696
86697
86698
86699
86700
86701
86702
86703
86704
86705
86706
86707
86708
86709
86710
86711
86712
86713
86721
86722
86723
86724
86725
86726
86727
86728
86729
86730
86731
86732
86733
86734
86735
86736
86737
86738
86739
86740
86741
86742
86743
86744
86745
86746
86754
86755
86756
86757
86758
86759
86760
86761
86762
86763
86764
86765
86766
86767
86768
86769
86770
86771
86772
86773
86774
86775
86776
86777
86778
86779
86780
86781
86782
86784
86785
86786
86787
86788
86789
86790
86791
86792
86793
86794
86795
86796
86797
86798
86799
86800
86801
86802
86803
86804
86805
86806
86807
86808
86809
86810
86811
86812
86813
86814
86815
86817
86818
86819
86820
86821
86822
86823
86824
86825
86826
86827
86828
86829
86830
86831
86832
86833
86866
86899
86932
86965
86998
86999
87000
87001
87002
87003
87004
87005
87006
87007
87008
87009
87010
87011
87012
87013
87015
87016
87017
87018
87019
87020
87021
87022
87023
87024
87025
87026
87027
87028
87029
87030
87031
87032
87033
87034
87035
87036
87037
87038
87039
87040
87041
87042
87043
87044
87045
87046
87048
87049
87050
87051
87052
87053
87054
87055
87056
87057
87058
87059
87060
87061
87062
87063
87064
87065
87066
87067
87068
87069
87070
87071
87072
87073
87074
87075
87076
87084
87085
87086
87087
87088
87089
87090
87091
87092
87093
87094
87095
87096
87097
87098
87099
87100
87101
87102
87103
87104
87105
87106
87107
87108
87109
87117
87118
87119
87120
87121
87122
87123
87124
87125
87126
87127
87128
87129
87130
87131
87132
87133
87134
87135
87136
87137
87138
87139
87140
87141
87142
87150
87151
87152
87153
87154
87155
87156
87157
87158
87159
87160
87161
87162
87163
87164
87165
87166
87167
87168
87169
87170
87171
87172
87173
87174
87175
87176
87177
87178
87180
87181
87182
87183
87184
87185
87186
87187
87188
87189
87190
87191
87192
87193
87194
87195
87196
87197
87198
87199
87200
87201
87202
87203
87204
87205
87206
87207
87208
87209
87210
87211
87213
87214
87215
87216
87217
87218
87219
87220
87221
87222
87223
87224
87225
87226
87227
87228
87229
87262
87295
87328
87361
87394
87395
87396
87397
87398
87399
87400
87401
87402
87403
87404
87405
87406
87407
87408
87409
87411
87412
87413
87414
87415
87416
87417
87418
87419
87420
87421
87422
87423
87424
87425
87426
87427
87428
87429
87430
87431
87432
87433
87434
87435
87436
87437
87438
87439
87440
87441
87442
87444
87445
87446
87447
87448
87449
87450
87451
87452
87453
87454
87455
87456
87457
87458
87459
87460
87461
87462
87463
87464
87465
87466
87467
87468
87469
87470
87471
87472
87480
87481
87482
87483
87484
87485
87486
87487
87488
87489
87490
87491
87492
87493
87494
87495
87496
87497
87498
87499
87500
87501
87502
87503
87504
87505
87513
87514
87515
87516
87517
87518
87519
87520
87521
87522
87523
87524
87525
87526
87527
87528
87529
87530
87531
87532
87533
87534
87535
87536
87537
87538
87546
87547
87548
87549
87550
87551
87552
87553
87554
87555
87556
87557
87558
87559
87560
87561
87562
87563
87564
87565
87566
87567
87568
87569
87570
87571
87572
87573
87574
87576
87577
87578
87579
87580
87581
87582
87583
87584
87585
87586
87587
87588
87589
87590
87591
87592
87593
87594
87595
87596
87597
87598
87599
87600
87601
87602
87603
87604
87605
87606
87607
87609
87610
87611
87612
87613
87614
87615
87616
87617
87618
87619
87620
87621
87622
87623
87624
87625
87639
87653
87667
87681
87695
87709
87723
87737
87751
87765
87779
87793
87807
87821
87835
87849
87863
87877
87891
87905
87919
87933
87947
87961
87975
87989
88003
88017
88031
88045
88059
88073
88087
88101
88115
88129
88143
88157
88171
88185
88199
88213
88227
88241
88255
88269
88283
88297
88311
88323
88324
88325
88339
88353
88367
88381
88395
88413
88431
88449
88467
88485
88503
88521
88539
88557
88575
88593
88611
88629
88647
88665
88683
88701
88719
88737
88755
88759
88773
88791
88809
88827
88845
88863
88881
88899
88917
88935
88953
88971
88989
89007
89025
89043
89061
89079
89097
89115
89120
89133
89138
89151
89156
89169
89187
89190
89205
89223
89228
89241
89259
89261
89277
89279
89295
89313
89331
89349
89367
89385
89403
89421
89424
89439
89457
89475
89493
89511
90044
90051
90071
90091
90111
90131
90133
90135
90141
90143
90147
90149
90151
90171
90191
90211
90215
90223
90231
90235
90243
90251
90263
90271
90291
90311
90312
90331
90342
90351
90371
90375
90391
90392
90395
90411
90424
90431
90444
90451
90464
90471
90491
90505
90511
90531
90537
90551
90571
90582
90591
90594
90602
90611
90631
90638
90641
90651
90661
90671
90691
90711
90731
90751
90771
90776
90791
90804
90810
90811
90831
90851
90871
90891
90893
90895
90901
90903
90907
90909
90911
90931
90951
90971
90975
90983
90991
90995
91003
91011
91023
91031
91051
91071
91072
91091
91102
91111
91131
91135
91151
91152
91155
91171
91184
91191
91204
91211
91224
91231
91251
91265
91271
91291
91297
91311
91331
91342
91351
91354
91362
91371
91391
91398
91401
91411
91421
91431
91451
91471
91491
91511
91531
91536
91551
91564
91571
91591
91611
91631
91651
91653
91655
91661
91663
91667
91669
91671
91681
91683
91691
91711
91731
91734
91751
91754
91771
91791
91798
91801
91811
91818
91831
91851
91871
91891
91911
91931
91955
91979
92003
92027
92051
92075
92081
92099
92123
92147
92171
92195
92219
92243
92267
92291
92315
92339
92351
92363
92387
92411
92435
92459
92483
92507
92531
92555
92558
92579
92603
92627
92651
92675
92699
92723
92743
92747
92767
92771
92791
92795
92815
92819
92843
92867
92891
92911
92915
92935
92939
92959
92963
92983
92987
92990
93000
93005
93007
93011
93014
93024
93029
93031
93035
93038
93048
93053
93055
93059
93062
93083
93086
93107
93131
93155
93179
93186
93203
93210
93227
93234
93248
93251
93946
93976
94005
94006
94035
94036
94065
94066
94095
94096
94125
94126
94155
94156
94185
94186
94215
94216
94246
94276
94306
94336
94365
94366
94395
94396
94425
94426
94455
94456
94485
94486
94515
94516
94545
94546
94575
94576
94606
94636
94666
94696
94725
94726
94755
94756
94785
94786
94815
94816
94845
94846
94875
94876
94905
94906
94935
94936
94966
94996
95026
95056
95085
95086
95115
95116
95145
95146
95175
95176
95205
95206
95235
95236
95265
95266
95295
95296
95326
95356
95386
95416
95445
95446
95475
95476
95505
95506
95535
95536
95565
95566
95595
95596
95625
95626
95655
95656
95686
95716
95717
95718
95719
95720
95721
95735
95736
95737
95738
95755
95756
95757
95758
95774
95775
95776
95777
95778
95794
95795
95796
95797
95798
95814
95815
95816
95817
95818
95833
95834
95835
95836
95837
95853
95854
95855
95856
95873
95874
95875
95876
95892
95893
95894
95895
95896
95913
95914
95915
95916
96037
96038
96039
96040
96046
96047
96048
96054
96055
96056
96057
96058
96059
96060
96061
96062
96063
96065
96066
96067
96068
96069
96070
96071
96072
96073
96074
96075
96076
96078
96079
96080
96081
96095
96096
96098
96115
96116
96118
96134
96135
96136
96154
96155
96156
96174
96175
96176
96190
96195
96196
96197
96215
96216
96235
96236
96254
96255
96256
96274
96275
96276
96378
96397
96398
96414
96415
96416
96417
96418
96434
96435
96436
96437
96438
96441
96442
96443
96455
96456
96458
96461
96475
96476
96478
96495
96496
96498
96514
96515
96516
96534
96535
96536
96554
96555
96556
96570
96574
96575
96576
96577
96594
96595
96596
96614
96615
96616
96634
96635
96636
96654
96655
96656
96758
96796
96816
96834
96835
96836
96854
96855
96856
96874
96875
96876
96893
96894
96895
96896
96912
96913
96914
96915
96916
96932
96933
96934
96935
96936
96953
96954
96955
96956
96973
96974
96975
96976
96993
96994
96995
96996
97013
97014
97015
97016
97032
97033
97034
97035
97036
97050
97051
97052
97053
97054
97055
97056
97068
97074
97075
97076
97087
97088
97094
97095
97096
97097
97098
97100
97103
97104
97105
97106
97107
97108
97114
97115
97116
97117
97118
97119
97120
97121
97122
97123
97124
97125
97126
97127
97128
97129
97130
97131
97132
97133
97134
97135
97136
97137
97138
97139
97140
97141
97155
97156
97157
97158
97159
97175
97176
97177
97178
97195
97196
97197
97198
97215
97216
97217
97218
97234
97235
97236
97237
97238
97253
97254
97255
97256
97257
97273
97274
97275
97276
97293
97294
97295
97296
97304
97305
97313
97314
97315
97316
97323
97324
97333
97334
97335
97336
97340
97341
97354
97355
97356
97360
97375
97376
97395
97396
97416
97436
97437
97438
97456
97457
97458
97459
97475
97476
97477
97478
97479
97495
97496
97507
97518
97529
97536
97540
97551
97562
97572
97573
97583
97584
97595
97596
97597
97606
97617
97628
97639
97650
97659
97668
97677
97686
97695
97704
97707
97710
97713
97718
97723
97728
97733
97737
97738
97745
97752
97759
97766
97767
97773
97774
97780
99354
99368
99382
99396
99410
99424
99438
99452
99466
99480
99494
99508
99522
99536
99550
99564
99578
99592
99606
99620
99634
99648
99662
99676
99690
99697
99704
99711
99718
99725
99732
99739
99746
99760
99774
99788
99802
99816
99830
99844
99858
99872
99886
99900
99914
99928
99942
99956
99970
99984
99998
100012
100026
100040
100054
100068
100082
100096
100110
100120
100124
100138
100152
100166
100180
100194
100196
100208
100222
100236
100253
100270
100287
100304
100321
100338
100355
100372
100389
100393
100406
100410
100423
100440
100448
100457
100465
100474
100482
100491
100508
100511
100525
100528
100536
100542
100559
100576
100593
100610
100627
100644
100648
100661
100671
100678
100688
100695
100712
100729
100735
100746
100763
100780
100797
100814
100831
100848
100855
100865
100872
100882
100889
100899
100916
100933
100950
100957
100967
100974
100984
100991
101001
101011
101021
101031
101041
101051
101061
101073
101085
101097
101109
101121
101133
101145
101157
101167
101177
101187
101197
101207
101217
101228
101239
101250
101261
101272
101283
101294
101305
101316
101326
101336
101346
101356
101366
101376
101381
101398
101403
101408
101425
101430
101435
101452
101457
101462
101484
101489
101511
101516
101538
101543
101565
101570
101592
101597
101619
101624
101646
101651
101673
101678
101700
101705
101722
101727
101732
101749
101754
101759
101776
101781
101786
101803
101808
101813
101830
101835
101840
101857
101862
101867
101884
101889
101896
101916
101923
101943
101950
101970
101977
101997
102004
102012
102024
102031
102039
102051
102058
102066
102073
102078
102085
102093
102100
102105
102120
102127
102132
102147
102154
102159
102174
102181
102186
102201
102208
102213
102228
102235
102240
102255
102262
102267
102282
102289
102294
102316
102321
102343
102348
102370
102375
102397
102402
102429
102456
102483
102510
102517
102528
102537
102544
102555
102564
102571
102582
102591
102598
102609
102618
102625
102636
102645
102652
102663
102672
102679
102690
102699
102706
102717
102726
102733
102744
102753
102760
102780
102787
102807
102814
102834
102841
102861
102868
102888
102895
102915
102932
102942
102959
102969
102986
102996
103013
103023
103040
103050
103077
103089
103104
103116
103131
103143
103158
103170
103185
103197
103212
103224
103239
103266
103275
103293
103302
103320
103329
103347
103356
103374
103383
103401
103410
103428
103433
103455
103460
103482
103487
103509
103514
103536
103541
103563
103568
103590
103595
103617
103622
103637
103644
103649
103664
103671
103676
103691
103698
103703
103718
103725
103730
103745
103752
103772
103779
103799
103806
103826
103833
103853
103860
103880
103887
103907
103914
103934
103941
103944
103956
103963
103966
103978
103985
104007
104029
104051
104073
104095
104098
104117
104120
104139
104161
104183
104205
104227
104249
104271
104293
104315
104333
104337
104355
104359
104381
104389
104403
104405
104425
104447
104469
104474
104480
104491
104496
104513
104518
104528
104535
104540
104550
104557
104560
104572
104579
104582
104594
104601
104604
104616
104623
104626
104631
104634
104638
104645
104648
104653
104667
104689
104711
104723
104735
104747
104759
104771
104783
104795
104807
104819
104824
104825
104831
104836
104837
104843
104848
104849
104855
104860
104861
104867
104872
104873
104879
104884
104885
104891
104903
104915
104927
104932
104939
104951
104963
104975
104982
104987
104999
105011
105023
105035
105041
105047
105053
105059
105071
105083
105095
105107
105112
105119
105124
105131
105136
105143
105155
105167
105179
105191
105192
105199
105203
105204
105211
105215
105216
105227
105228
105239
105240
105251
105265
105279
105293
105307
105321
105335
105349
105363
105377
105391
105405
105419
105433
105447
105461
105475
105489
105490
105503
105504
105517
105531
105545
105548
105559
105573
105587
105601
105615
105629
105643
105657
105671
105685
105699
105713
105718
105727
105732
105741
105743
105746
105750
105755
105757
105760
105769
105771
105774
105783
105785
105788
105797
105799
105811
105813
105825
105827
105839
105853
105867
105881
105895
105909
105923
105937
105951
105965
105979
105993
106007
106021
106035
106039
106049
106063
106065
106077
106079
106091
106105
106119
106133
106147
106161
106175
106189
106203
106217
106231
106240
106249
106258
106267
106276
106285
106294
106303
106312
106321
106347
106348
106356
106357
106365
106366
106402
106411
106420
106429
106438
106447
106474
106483
106492
106501
106506
106511
106516
106521
106526
106531
106536
106541
106546
106547
106551
106556
106561
106566
106571
106576
106581
106583
106586
106591
106596
106601
106606
106608
106611
106617
106623
106629
106635
106641
106647
107959
107981
108003
108025
108047
108069
108091
108113
108135
108157
108179
108201
108223
108245
108267
108289
108311
108333
108355
108377
108399
108421
108443
108465
108487
108509
108531
108533
108546
108553
108555
108568
108575
108577
108590
108597
108619
108641
108663
108685
108707
108729
108751
108773
108795
108817
108839
108861
108883
108905
108927
108949
108971
108993
109015
109037
109073
109109
109145
109181
109217
109253
109289
109325
109361
109397
109433
109469
109505
109541
109577
109613
109649
109685
109721
109757
109793
109829
109865
109901
109937
109973
110009
110045
110081
110117
110153
110189
110225
110261
110297
110333
110369
110405
110441
110477
110513
110549
110585
110621
110657
110693
110729
110765
110801
110837
110873
110909
110945
110981
111017
111053
111089
111125
111161
111197
111233
111269
111305
111341
111377
111413
111449
111485
111521
111557
111593
111629
111665
111701
111737
111773
111809
111845
111881
111917
111953
111989
112025
112061
112097
112220
112226
112232
112233
112235
112236
112238
112239
112241
112242
112247
112248
112254
112260
112266
113497
113508
113519
113526
113530
113541
113552
113563
113567
113574
113585
113596
113607
113614
113618
113629
113632
113640
113644
113651
113662
113673
113674
113684
113695
113706
113717
113728
113739
113750
113761
113772
113783
113794
113798
113805
113809
113816
113820
113821
113827
113833
113838
113849
113860
113864
113871
