1260
1620
1980
2340
2700
3060
3336
3612
3888
4164
4440
4638
4836
5034
5232
5430
5442
5443
5444
5445
5446
5450
5451
5452
5453
5461
5464
5497
5498
5499
5505
5506
5507
5508
5509
5510
5511
5515
5516
5517
5518
5519
5607
5706
5741
5939
6038
6236
6335
6548
6632
6860
6929
7157
7226
7322
7377
7490
7682
7730
7754
7854
7946
8018
8039
8114
8210
8282
8286
8296
8301
8303
8325
8382
8474
8530
8546
8693
8754
8787
8788
8908
9140
9149
9150
9151
9152
9153
9154
9155
9156
9166
9167
9168
9169
9170
9171
9172
9173
9183
9184
9185
9186
9187
9188
9189
9190
9203
9204
9205
9206
9207
9220
9221
9222
9223
9224
9237
9238
9239
9240
9251
9252
9253
9254
9255
9256
9257
9258
9270
9271
9272
9273
9274
9275
9287
9288
9289
9290
9291
9292
9304
9305
9306
9307
9308
9309
9321
9322
9323
9324
9325
9326
9338
9339
9340
9341
9342
9343
9355
9356
9357
9358
9359
9360
9372
9373
9374
9375
9376
9377
9389
9390
9391
9392
9393
9394
9395
9531
9551
9552
9575
9710
9914
10016
10050
10169
10208
10216
10305
10322
10361
10458
10475
10601
10727
10853
10979
11105
11225
11369
11633
11897
12017
12161
12425
12545
12689
12953
13217
13337
13481
13745
13755
13759
13770
13774
13850
13855
13856
13857
13858
13859
13860
13861
13862
13868
13869
13870
13871
13872
13873
13928
13929
13930
13931
13932
13941
13942
13943
13944
13945
13946
13947
13948
13949
13953
13954
13955
13956
13957
13958
13959
13960
13961
13962
13966
13967
13968
13969
13970
13971
13972
13973
13974
13975
13979
13980
13990
13994
14005
14009
14100
14101
14102
14103
14114
14115
14116
14126
14127
14128
14129
14130
14131
14141
14142
14143
14144
14145
14167
14211
14255
14260
14268
14297
14320
14401
14505
14531
14765
14999
15002
15233
15363
15493
15554
15817
16073
16141
16393
16465
16526
16672
16789
16850
16996
17113
17435
17757
18079
18110
18401
18723
18905
18919
19115
19311
19367
19507
19619
19642
19703
19823
19943
20063
20074
20183
20303
20311
20325
20479
20501
20503
20504
20564
20699
20703
20715
20897
21095
21096
21101
21293
21294
21295
21299
21301
21305
21306
21312
21318
21319
21332
21371
21410
21411
21412
21413
21420
21421
21422
21423
21424
21425
21433
21434
21435
21436
21437
21438
21446
21447
21448
21449
21450
21451
21452
21457
21458
21459
21460
21467
21468
21469
21479
21529
21539
21542
21589
21649
21665
21689
21694
21699
21704
21846
21856
21898
21899
21900
21901
21902
21903
21904
21905
21906
21907
21908
21909
21910
21911
21912
21913
21914
21915
21916
21917
21918
21919
21920
21921
21922
21923
21924
21925
21926
21927
21928
21929
21930
21931
21932
21933
21934
21935
21936
21937
21938
21939
21940
21941
21942
21943
21944
21945
21946
21947
21948
21949
21950
21951
21952
21953
21954
21955
22188
22189
22190
22191
22192
22193
22194
22195
22196
22197
22198
22199
22200
22201
22202
22203
22204
22205
22206
22207
22208
22209
22210
22211
22212
22213
22214
22215
22216
22217
22218
22219
22220
22221
22222
22223
22224
22225
22226
22227
22228
22229
22230
22231
22232
22233
22234
22235
22236
22237
22238
22239
22240
22241
22242
22243
22244
22245
22478
22479
22480
22481
22482
22483
22484
22485
22486
22487
22488
22489
22490
22491
22492
22493
22494
22495
22496
22497
22498
22499
22500
22501
22502
22503
22504
22505
22506
22507
22508
22509
22510
22511
22512
22513
22514
22515
22516
22517
22518
22519
22520
22521
22522
22523
22524
22525
22526
22527
22528
22529
22530
22531
22532
22533
22534
22535
22768
22769
22770
22771
22772
22773
22774
22775
22776
22777
22778
22779
22780
22781
22782
22783
22784
22785
22786
22787
22788
22789
22790
22791
22792
22793
22794
22795
22796
22797
22798
22799
22800
22801
22802
22803
22804
22805
22806
22807
22808
22809
22810
22811
22812
22813
22814
22815
22816
22817
22818
22819
22820
22821
22822
22823
22824
22825
23058
23059
23060
23061
23062
23063
23064
23065
23066
23067
23068
23069
23070
23071
23072
23073
23074
23075
23076
23077
23078
23079
23080
23081
23082
23083
23084
23085
23086
23087
23088
23089
23090
23091
23092
23093
23094
23095
23096
23097
23098
23099
23100
23101
23102
23103
23104
23105
23106
23107
23108
23109
23110
23111
23112
23113
23114
23115
23348
23436
23524
23612
23700
23788
23797
23836
23932
23941
23980
24076
24085
24220
24229
24364
24373
24508
24616
24622
24623
24676
24682
24683
24724
24730
24772
24796
24832
24839
24934
24940
24991
25048
25049
25050
25060
25061
25073
25074
25087
25139
25145
25230
25231
25232
25233
25234
25235
25243
25244
25245
25246
25256
25269
25321
25325
25412
25413
25414
25415
25416
25417
25425
25426
25427
25428
25438
25451
25503
25507
25594
25595
25596
25606
25607
25619
25620
25633
25685
25691
25776
25867
25871
25875
25958
26244
26335
26339
26604
26621
26712
26716
26998
27089
27093
27375
27466
27734
27752
27814
36023
36099
36101
36110
36112
36120
36122
36250
36252
36261
36263
36271
36319
36395
36397
36404
36406
36415
36417
36555
36557
36612
36689
36765
36767
36776
36778
36786
36788
36837
36913
36915
36924
36926
36934
36936
37064
37066
37075
37077
37085
37133
37209
37211
37224
37226
37278
37375
37491
37493
37500
37502
37508
37510
37522
37524
37532
37534
37603
37719
37721
37730
37732
37740
37742
37748
37750
37758
37760
37925
37999
38000
38001
38003
38008
38012
38014
38019
38022
38024
38036
38073
38154
38163
38165
38173
38221
38295
38296
38297
38299
38308
38317
38319
38332
38369
38457
38459
38514
38591
38667
38669
38680
38690
38693
38739
38758
38815
38817
38826
38828
38841
38966
38968
38977
38979
38987
39035
39111
39113
39126
39128
39180
39217
39224
39295
39347
39360
39404
39451
39503
39555
39564
39607
39614
39646
39724
39730
39789
39848
39896
39932
39946
39992
40032
40035
40037
40049
40051
40114
40125
40241
40294
40312
40326
40372
40407
40452
40532
40543
40632
40692
40706
40752
40792
40795
40797
40809
40811
40885
40895
40932
41054
41057
41072
41086
41132
41167
41212
41292
41303
41392
41452
41466
41512
41552
41555
41557
41569
41571
41692
41703
41792
41832
41923
41924
41933
41934
42035
42095
42102
42143
42147
42152
42182
42221
42234
42235
42236
42241
42245
42247
42260
42296
42314
42341
42396
42418
42473
42495
42572
42616
42649
42671
42726
43002
43278
43554
43568
43830
44106
44259
44265
44412
44421
44548
44565
44718
44871
44872
44873
44887
44888
44904
44905
44922
45024
45030
45143
45144
45145
45146
45147
45148
45160
45161
45162
45163
45177
45194
45262
45266
45398
45414
45415
45534
45585
45687
45806
45857
45959
45960
45961
45975
45976
45992
45993
46010
46022
46112
46118
46231
46234
46242
46254
46335
46439
46465
46474
46699
46717
46866
46933
47167
47323
47401
47479
47583
47687
47739
47921
48077
48415
48493
48597
48753
48935
49039
57940
57957
58196
58452
58786
59220
59416
59598
59612
59808
59864
59898
60004
60116
60139
60200
60231
60256
60326
60333
60410
60424
60434
60438
60471
60472
60485
60490
60491
60494
60499
60503
60524
60559
60563
60573
60577
60587
60591
60592
60622
60650
60654
60712
60713
60717
60726
60727
60731
60760
60773
60816
60846
60928
60929
60935
60936
60937
60959
60969
60994
61040
61070
61096
61102
61108
61110
61146
61152
61180
61198
61210
61211
61212
61218
61219
61224
61232
61233
61264
61274
61278
61311
61312
61325
61330
61331
61334
61339
61343
61399
61403
61413
61417
61427
61431
61432
61462
61490
61494
61552
61553
61557
61566
61567
61571
61600
61656
61686
62448
62460
62471
62474
62656
62657
62682
62704
62760
62849
62916
63003
63150
63384
63618
63818
63893
64093
64168
64179
64183
64368
64443
64454
64458
64643
64718
64729
64733
64918
65553
65554
65560
65569
65633
65634
65642
65713
65714
65726
65793
65794
65796
65797
65842
65853
65854
65949
65950
65952
65953
66045
66046
66066
66067
66141
66142
66144
66145
66213
66214
66253
66254
66260
66269
66333
66334
66342
66413
66414
66426
66533
66544
66629
66630
66650
66651
66725
66726
66728
66729
66737
66837
66842
66843
66893
66973
67053
67141
67142
67193
67194
67200
67201
67202
67224
67234
67259
67305
67335
67361
67367
67373
67375
67411
67417
67445
67463
67475
67476
67477
67483
67484
67489
67497
67498
67529
67539
67543
67576
67577
67590
67595
67596
67599
67604
67608
67664
67668
67678
67682
67692
67696
67697
67727
67755
67759
67817
67818
67822
67831
67832
67836
67865
67921
67951
68033
68034
68040
68041
68042
68061
68062
68063
68064
68066
68074
68075
68089
68099
68122
68145
68175
68201
68207
68213
68215
68251
68257
68285
68303
68315
68316
68317
68323
68324
68329
68337
68338
68369
68383
68416
68417
68430
68435
68436
68439
68444
68448
68473
68504
68505
68506
68508
68518
68522
68525
68532
68536
68537
68539
68540
68541
68542
68543
68544
68553
68567
68595
68599
68603
68604
68657
68658
68662
68671
68672
68676
68705
68735
68736
68737
68738
68739
68740
68761
68791
68833
68873
69105
69127
69183
69339
69417
69573
69589
69651
69807
69823
69885
70041
70249
70271
70327
70483
70587
70665
70717
70733
70795
70921
70951
70966
72040
72189
72231
72280
72340
72489
72531
72580
72640
72789
72831
72940
73089
73131
73240
73389
73428
73480
73486
74024
74137
74640
74641
74642
74644
74645
74646
74647
74649
74650
74654
74655
74656
74657
74658
74659
74660
74661
74662
74663
74664
74665
74666
74668
74669
74670
74671
74673
74674
74678
74679
74680
74681
74682
74683
74684
74685
74686
74687
74688
74689
74690
74691
74692
74693
74694
74695
74696
74697
74698
74700
74701
74702
74703
74704
74706
74707
74708
74709
74712
74713
74714
74715
74716
74717
74718
74719
74720
74721
74722
74723
74724
74725
74726
74727
74728
74729
74730
74731
74732
74733
74734
74735
74736
74737
74738
74739
74740
74741
74742
74743
74744
74745
74746
74747
74748
74749
74750
74751
74753
74754
74755
74756
74757
74758
74759
74760
74761
74762
74764
74765
74766
74767
74768
74769
74770
74771
74775
74776
74777
74778
74779
74780
74781
74782
74783
74784
74785
74786
74787
74788
74789
74790
74791
74792
74793
74794
74795
74796
74797
74798
74799
74800
74801
74802
74803
74804
74805
74806
74807
74808
74809
74810
74811
74812
74813
74814
74815
74816
74817
74818
74820
74821
74822
74823
74825
74826
74830
74831
74832
74833
74834
74835
74886
74954
74988
74994
75073
75117
75141
75146
75260
75294
75447
75600
75613
75614
75654
75655
75659
75660
75661
75668
75669
75670
75674
75675
75769
75770
75795
75796
75834
75835
75836
75837
75841
75842
75856
75857
75858
75859
75860
75861
75862
75863
75867
75868
75882
75883
75884
75885
75886
75887
75888
75889
75908
75909
75910
75911
75948
75990
75991
75992
75993
76012
76013
76014
76015
76016
76017
76018
76019
76038
76039
76040
76041
76042
76043
76044
76045
76064
76065
76066
76067
76068
76081
76082
76094
76107
76108
76168
76169
76194
76195
76224
76237
76238
76250
76263
76264
76354
76444
76445
76470
76471
76487
76488
76489
76490
76491
76492
76496
76497
76501
76502
76503
76504
76505
76506
76596
76622
76702
76750
76763
76776
76789
76955
76956
76957
76958
76959
76960
76964
76965
76969
76970
76971
76972
76973
76974
76990
76991
76995
76996
77016
77017
77021
77022
77108
77165
77180
77191
77206
77217
77232
77243
77244
77245
77246
77247
77254
77255
77256
77257
77258
77347
77348
77361
77362
77373
77374
77387
77388
77399
77400
77413
77414
77456
77503
77504
77517
77518
77529
77530
77543
77544
77711
77712
77713
77714
77715
77722
77723
77724
77725
77726
77737
77738
77739
77752
77763
77764
77765
77778
77789
77804
77862
77864
77865
77866
77867
77868
77869
77870
77871
77872
77873
77874
77875
77876
77877
77878
77879
77880
77881
77882
77883
77968
77969
77970
77971
77972
77973
77974
77975
77976
77977
77978
77979
77980
77981
77982
77983
77984
77985
77986
77994
77995
77996
77997
77998
77999
78000
78001
78002
78003
78004
78005
78006
78007
78008
78009
78010
78011
78012
78016
78017
78020
78042
78043
78046
78068
78069
78094
78095
78100
78101
78102
78103
78104
78115
78116
78120
78121
78126
78127
78128
78129
78130
78141
78142
78146
78147
78152
78153
78154
78167
78168
78172
78173
78210
78255
78256
78257
78258
78271
78272
78276
78277
78303
78329
78355
78380
78381
78406
78407
78408
78432
78433
78434
78458
78459
78460
78484
78485
78486
78510
78511
78512
78513
78514
78515
78516
78517
78518
78519
78520
78521
78522
78523
78524
78525
78526
78527
78528
78529
78530
78531
78532
78533
78534
78535
78536
78537
78538
78539
78540
78541
78542
78543
78544
78545
78546
78547
78548
78549
78550
78551
78552
78553
78554
78555
78556
78557
78558
78559
78560
78561
78562
78563
78564
78565
78566
78567
78568
78569
78570
78571
78572
78573
78574
78575
78576
78577
78578
78579
78580
78581
78582
78583
78584
78585
78586
78587
78588
78589
78590
78591
78592
78593
78594
78595
78596
78597
78598
78599
78600
78601
78602
78603
78604
78605
78606
78607
78608
78609
78610
78611
78612
78613
78614
78615
78616
78617
78618
78619
78620
78621
78622
78623
78624
78625
78626
78627
78628
78629
78630
78631
78632
78633
78634
78635
78636
78637
78638
78639
78640
78641
78642
78643
78644
78645
78646
78647
78648
78649
78650
78651
78652
78653
78654
78655
78656
78657
78658
78659
78660
78661
78662
78663
78664
78665
78666
78667
78668
78669
78670
78671
78692
78694
78695
78696
78697
78718
78720
78721
78746
78747
78751
78755
78756
78757
78761
78762
78763
78764
78768
78772
78773
78777
78781
78782
78783
78787
78788
78789
78790
78794
78798
78799
78803
78824
78825
78829
78850
78851
78855
78876
78877
78881
78882
78883
78884
78895
78896
78897
78898
78902
78903
78907
78908
78921
78922
78923
78924
78964
79006
79007
79008
79009
79025
79026
79027
79028
79032
79033
79034
79035
79051
79058
79059
79060
79061
79065
79066
79067
79068
79072
79073
79074
79075
79076
79077
79083
79084
79085
79086
79109
79110
79111
79112
79132
79133
79134
79135
79136
79158
79159
79160
79161
79162
79166
79167
79168
79169
79170
79171
79172
79176
79177
79178
79179
79180
79184
79185
79186
79187
79188
79192
79193
79194
79195
79196
79197
79198
79202
79203
79204
79205
79206
79210
79211
79212
79213
79214
79218
79219
79220
79221
79222
79223
79224
79228
79229
79230
79231
79232
79236
79237
79238
79239
79240
79244
79245
79246
79247
79248
79249
79250
79254
79255
79256
79257
79258
79262
79263
79265
79266
79291
79292
79317
79343
79369
79370
79730
80098
80434
80767
81100
81101
81102
81103
81104
81105
81106
81107
81109
81110
81111
81113
81114
81115
81117
81118
81119
81120
81121
81122
81123
81124
81125
81126
81127
81131
81135
81139
81140
81141
81142
81143
81144
81149
81153
81157
81161
81162
81163
81166
81171
81175
81179
81183
81184
81185
81210
81518
81519
81520
81521
81522
81523
81524
81525
81526
81527
81528
81529
81530
81531
81532
81533
81534
81535
81536
81537
81538
81539
81540
81547
81548
81549
81550
81551
81553
81554
81555
81556
81557
81562
81569
81570
81571
81575
81576
81577
81578
81579
81591
81592
81593
81597
81598
81599
81606
81607
81608
81609
81613
81614
81615
81619
81620
81621
81625
81626
81627
81628
81650
81892
81893
81894
81895
81896
81897
81898
81902
81903
81904
81908
81909
81910
81911
81912
81913
81914
81924
81925
81926
81936
81946
81947
81948
81968
81969
81970
81980
81981
81982
81983
81984
81985
81986
81987
81988
81989
81990
81991
81992
81993
81994
81995
81996
81997
81998
81999
82000
82001
82002
82024
82354
82359
82363
82367
82371
82381
82385
82389
82393
82398
82399
82400
82401
82402
82403
82407
82411
82415
82416
82417
82418
82419
82420
82421
82422
82423
82424
82425
82426
82427
82429
82430
82431
82433
82434
82435
82437
82438
82439
82440
82441
82442
82443
82444
82445
82446
82447
82451
82455
82459
82460
82461
82462
82463
82464
82469
82473
82477
82481
82482
82483
82486
82491
82495
82499
82503
82504
82505
82530
82772
82773
82774
82775
82776
82777
82778
82782
82783
82784
82788
82789
82790
82791
82792
82793
82794
82804
82805
82806
82816
82826
82827
82828
82848
82849
82850
82860
82861
82862
82863
82864
82865
82866
82868
82869
82870
82872
82873
82874
82876
82877
82878
82879
82880
82881
82882
82883
82884
82885
82886
82890
82894
82898
82899
82900
82901
82902
82903
82904
82908
82912
82916
82920
82921
82922
82926
82930
82934
82938
82942
82943
82944
82970
83212
83217
83221
83225
83229
83239
83243
83247
83251
83256
83257
83258
83259
83260
83261
83265
83269
83273
83274
83275
83276
83277
83278
83338
83398
83458
83518
83578
83582
83591
83629
83697
83731
83782
83833
83879
83884
83892
83986
84037
84162
84173
84275
84326
84491
84492
84493
84494
84495
84496
84497
84498
84499
84500
84501
84502
84503
84504
84513
84514
84515
84516
84517
84518
84519
84520
84521
84522
84523
84524
84525
84526
84527
84528
84529
84530
84531
84532
84533
84534
84535
84546
84547
84548
84549
84550
84551
84552
84553
84554
84555
84556
84557
84558
84559
84560
84561
84562
84563
84564
84565
84566
84567
84568
84579
84580
84581
84582
84583
84584
84585
84586
84587
84588
84589
84590
84755
84756
84757
84758
84759
84760
84761
84762
84763
84764
84765
84766
84767
84768
84777
84778
84779
84780
84781
84782
84783
84784
84785
84786
84787
84788
84789
84790
84791
84792
84793
84794
84795
84796
84797
84798
84799
84810
84811
84812
84813
84814
84815
84816
84817
84818
84819
84820
84821
84822
84823
84824
84825
84826
84827
84828
84829
84830
84831
84832
84843
84844
84845
84846
84847
84848
84849
84850
84851
84852
84853
84854
85019
85020
85021
85022
85023
85024
85025
85026
85027
85028
85029
85030
85031
85032
85041
85042
85043
85044
85045
85046
85047
85048
85049
85050
85051
85052
85053
85054
85055
85056
85057
85058
85059
85060
85061
85062
85063
85074
85075
85076
85077
85078
85079
85080
85081
85082
85083
85084
85085
85086
85087
85088
85089
85090
85091
85092
85093
85094
85095
85096
85107
85108
85109
85110
85111
85112
85113
85114
85115
85116
85117
85118
85283
85284
85285
85286
85287
85288
85289
85290
85291
85292
85293
85294
85295
85296
85305
85306
85307
85308
85309
85310
85311
85312
85313
85314
85315
85316
85317
85318
85319
85320
85321
85322
85323
85324
85325
85326
85327
85338
85339
85340
85341
85342
85343
85344
85345
85346
85347
85348
85349
85350
85351
85352
85353
85354
85355
85356
85357
85358
85359
85360
85371
85372
85373
85374
85375
85376
85377
85378
85379
85380
85381
85382
85547
85548
85549
85550
85551
85552
85553
85554
85555
85556
85557
85558
85559
85560
85569
85570
85571
85572
85573
85574
85575
85576
85577
85578
85579
85580
85581
85582
85583
85584
85585
85586
85587
85588
85589
85590
85591
85602
85603
85604
85605
85606
85607
85608
85609
85610
85611
85612
85613
85614
85615
85616
85617
85618
85619
85620
85621
85622
85623
85624
85635
85636
85637
85638
85639
85640
85641
85642
85643
85644
85645
85646
85811
85812
85813
85814
85815
85816
85817
85818
85819
85820
85821
85822
85823
85824
85825
85826
85827
85829
85830
85831
85832
85833
85834
85835
85836
85837
85838
85839
85840
85841
85842
85843
85844
85845
85846
85847
85848
85849
85850
85851
85852
85853
85854
85855
85856
85857
85858
85862
85863
85864
85865
85866
85867
85868
85869
85870
85871
85872
85873
85874
85875
85876
85877
85878
85879
85880
85881
85882
85883
85884
85885
85886
85887
85888
85889
85890
85898
85899
85900
85901
85902
85903
85904
85905
85906
85907
85908
85909
85910
85911
85912
85913
85914
85915
85916
85917
85918
85919
85920
85921
85922
85923
85931
85932
85933
85934
85935
85936
85937
85938
85939
85940
85941
85942
85943
85944
85945
85946
85947
85948
85949
85950
85951
85952
85953
85954
85964
85965
85966
85967
85968
85969
85970
85971
85972
85973
85974
85975
85976
85977
85978
85979
85980
85981
85982
85983
85984
85985
85986
85987
85988
85989
85990
85994
85995
85996
85997
85998
85999
86000
86001
86002
86003
86004
86005
86006
86007
86008
86009
86010
86011
86012
86013
86014
86015
86016
86017
86018
86019
86020
86021
86022
86023
86027
86028
86029
86030
86031
86032
86033
86034
86035
86036
86037
86038
86039
86040
86041
86042
86207
86208
86209
86210
86211
86212
86213
86214
86215
86216
86217
86218
86219
86220
86221
86222
86223
86225
86226
86227
86228
86229
86230
86231
86232
86233
86234
86235
86236
86237
86238
86239
86240
86241
86242
86243
86244
86245
86246
86247
86248
86249
86250
86251
86252
86253
86254
86258
86259
86260
86261
86262
86263
86264
86265
86266
86267
86268
86269
86270
86271
86272
86273
86274
86275
86276
86277
86278
86279
86280
86281
86282
86283
86284
86285
86286
86294
86295
86296
86297
86298
86299
86300
86301
86302
86303
86304
86305
86306
86307
86308
86309
86310
86311
86312
86313
86314
86315
86316
86317
86318
86319
86327
86328
86329
86330
86331
86332
86333
86334
86335
86336
86337
86338
86339
86340
86341
86342
86343
86344
86345
86346
86347
86348
86349
86350
86360
86361
86362
86363
86364
86365
86366
86367
86368
86369
86370
86371
86372
86373
86374
86375
86376
86377
86378
86379
86380
86381
86382
86383
86384
86385
86386
86390
86391
86392
86393
86394
86395
86396
86397
86398
86399
86400
86401
86402
86403
86404
86405
86406
86407
86408
86409
86410
86411
86412
86413
86414
86415
86416
86417
86418
86419
86423
86424
86425
86426
86427
86428
86429
86430
86431
86432
86433
86434
86435
86436
86437
86438
86603
86604
86605
86606
86607
86608
86609
86610
86611
86612
86613
86614
86615
86616
86617
86618
86619
86621
86622
86623
86624
86625
86626
86627
86628
86629
86630
86631
86632
86633
86634
86635
86636
86637
86638
86639
86640
86641
86642
86643
86644
86645
86646
86647
86648
86649
86650
86654
86655
86656
86657
86658
86659
86660
86661
86662
86663
86664
86665
86666
86667
86668
86669
86670
86671
86672
86673
86674
86675
86676
86677
86678
86679
86680
86681
86682
86690
86691
86692
86693
86694
86695
86696
86697
86698
86699
86700
86701
86702
86703
86704
86705
86706
86707
86708
86709
86710
86711
86712
86713
86714
86715
86723
86724
86725
86726
86727
86728
86729
86730
86731
86732
86733
86734
86735
86736
86737
86738
86739
86740
86741
86742
86743
86744
86745
86746
86756
86757
86758
86759
86760
86761
86762
86763
86764
86765
86766
86767
86768
86769
86770
86771
86772
86773
86774
86775
86776
86777
86778
86779
86780
86781
86782
86786
86787
86788
86789
86790
86791
86792
86793
86794
86795
86796
86797
86798
86799
86800
86801
86802
86803
86804
86805
86806
86807
86808
86809
86810
86811
86812
86813
86814
86815
86819
86820
86821
86822
86823
86824
86825
86826
86827
86828
86829
86830
86831
86832
86833
86834
86999
87000
87001
87002
87003
87004
87005
87006
87007
87008
87009
87010
87011
87012
87013
87014
87015
87017
87018
87019
87020
87021
87022
87023
87024
87025
87026
87027
87028
87029
87030
87031
87032
87033
87034
87035
87036
87037
87038
87039
87040
87041
87042
87043
87044
87045
87046
87050
87051
87052
87053
87054
87055
87056
87057
87058
87059
87060
87061
87062
87063
87064
87065
87066
87067
87068
87069
87070
87071
87072
87073
87074
87075
87076
87077
87078
87086
87087
87088
87089
87090
87091
87092
87093
87094
87095
87096
87097
87098
87099
87100
87101
87102
87103
87104
87105
87106
87107
87108
87109
87110
87111
87119
87120
87121
87122
87123
87124
87125
87126
87127
87128
87129
87130
87131
87132
87133
87134
87135
87136
87137
87138
87139
87140
87141
87142
87152
87153
87154
87155
87156
87157
87158
87159
87160
87161
87162
87163
87164
87165
87166
87167
87168
87169
87170
87171
87172
87173
87174
87175
87176
87177
87178
87182
87183
87184
87185
87186
87187
87188
87189
87190
87191
87192
87193
87194
87195
87196
87197
87198
87199
87200
87201
87202
87203
87204
87205
87206
87207
87208
87209
87210
87211
87215
87216
87217
87218
87219
87220
87221
87222
87223
87224
87225
87226
87227
87228
87229
87230
87395
87396
87397
87398
87399
87400
87401
87402
87403
87404
87405
87406
87407
87408
87409
87410
87411
87413
87414
87415
87416
87417
87418
87419
87420
87421
87422
87423
87424
87425
87426
87427
87428
87429
87430
87431
87432
87433
87434
87435
87436
87437
87438
87439
87440
87441
87442
87446
87447
87448
87449
87450
87451
87452
87453
87454
87455
87456
87457
87458
87459
87460
87461
87462
87463
87464
87465
87466
87467
87468
87469
87470
87471
87472
87473
87474
87482
87483
87484
87485
87486
87487
87488
87489
87490
87491
87492
87493
87494
87495
87496
87497
87498
87499
87500
87501
87502
87503
87504
87505
87506
87507
87515
87516
87517
87518
87519
87520
87521
87522
87523
87524
87525
87526
87527
87528
87529
87530
87531
87532
87533
87534
87535
87536
87537
87538
87548
87549
87550
87551
87552
87553
87554
87555
87556
87557
87558
87559
87560
87561
87562
87563
87564
87565
87566
87567
87568
87569
87570
87571
87572
87573
87574
87578
87579
87580
87581
87582
87583
87584
87585
87586
87587
87588
87589
87590
87591
87592
87593
87594
87595
87596
87597
87598
87599
87600
87601
87602
87603
87604
87605
87606
87607
87611
87612
87613
87614
87615
87616
87617
87618
87619
87620
87621
87622
87623
87624
87625
87626
87780
87934
88088
88242
88312
88325
88396
88630
88864
89080
89122
89192
89263
89296
90032
90046
90092
90132
90135
90137
90149
90151
90225
90272
90394
90397
90412
90426
90472
90507
90552
90632
90643
90732
90792
90806
90852
90892
90895
90897
90909
90911
90985
91032
91154
91157
91172
91186
91232
91267
91312
91392
91403
91492
91552
91566
91612
91652
91655
91657
91669
91671
91792
91803
91892
91932
92028
92083
92196
92388
92436
92460
92560
92652
92724
92745
92820
92916
92988
92992
93002
93007
93009
93031
93088
93180
93188
93917
94277
94637
94997
95357
95717
95718
95719
95720
95721
95722
95723
95737
95738
95739
95740
95757
95758
95759
95760
95776
95777
95778
95796
95797
95798
95816
95817
95818
95835
95836
95837
95838
95855
95856
95857
95858
95875
95876
95894
95895
95896
95915
95916
96039
96040
96048
96056
96057
96058
96059
96060
96061
96062
96063
96067
96068
96069
96070
96071
96072
96073
96074
96075
96076
96077
96078
96080
96081
96082
96083
96097
96098
96100
96120
96136
96156
96176
96192
96197
96198
96217
96218
96256
96276
96380
96399
96400
96416
96417
96418
96436
96437
96438
96443
96444
96445
96457
96458
96463
96477
96478
96500
96516
96536
96556
96572
96576
96577
96578
96596
96597
96598
96616
96636
96656
96760
96836
96856
96876
96895
96896
96914
96915
96916
96934
96935
96936
96955
96956
96975
96976
96995
96996
97015
97016
97034
97035
97036
97052
97053
97054
97055
97056
97070
97076
97089
97090
97096
97105
97106
97107
97108
97116
97117
97118
97119
97120
97121
97122
97123
97124
97125
97126
97127
97128
97129
97130
97131
97132
97133
97134
97135
97136
97137
97138
97139
97140
97141
97142
97143
97157
97158
97159
97160
97161
97177
97178
97179
97180
97197
97198
97199
97217
97218
97236
97237
97238
97255
97256
97257
97258
97275
97276
97277
97278
97295
97296
97297
97306
97315
97316
97325
97326
97335
97336
97337
97342
97343
97356
97437
97459
97460
97477
97478
97479
97497
97541
97574
97575
97596
97597
97607
97618
97651
97687
97688
97714
97739
97740
97767
97774
99341
99509
99579
99691
99699
99873
100055
100198
100237
100288
100356
100390
100395
100543
100645
100696
100849
100857
100959
101002
101062
101158
101218
101317
101377
101383
101400
101485
101491
101707
101724
101890
101898
102014
102075
102133
102322
102403
102511
102519
102692
102789
102835
102897
102916
102934
103078
103091
103277
103429
103435
103591
103705
103828
103942
103946
103958
104096
104100
104250
104316
104404
104407
104498
104536
104558
104562
104574
104640
104712
104820
104826
104827
104880
104886
104887
104928
104934
104976
105000
105036
105043
105138
105144
105194
105252
105448
105644
105840
106036
106041
106064
106190
106232
106286
106448
106502
106503
106517
106522
106542
106547
106549
106582
106585
106612
108422
108535
109038
109218
109362
109542
109686
109866
110010
110190
110334
110514
110694
110838
111090
111342
111594
111846
112233
112239
113487
113531
113564
113569
113616
113641
113646
113718
113795
113800
